1 1714419054 402366 214 161 780625086 3535099
2 1714419055 401004 180 161 781467944 842858
3 1714419056 400084 180 166 782754325 1286381
4 1714419058 400892 156 175 784463103 1708778
5 1714419059 400699 112 195 784853341 390238
6 1714419060 402029 107 112 786194960 1341619
7 1714419061 401807 151 161 787200628 1005668
8 1714419061 402566 141 166 787382188 181560
9 1714419062 402150 263 170 788028907 646719
10 1714419062 402597 136 112 788105501 76594
11 1714419069 402487 209 190 795025407 6919906
12 1714419072 402295 170 239 798345970 3320563
13 1714419073 402289 224 180 799230922 884952
14 1714419078 400224 126 141 804382935 5152013
15 1714419080 401715 156 107 805969829 1586894
16 1714419087 401327 117 151 813112210 7142381
17 1714419087 401855 122 117 813781676 669466
18 1714419093 401750 205 166 818798433 5016757
19 1714419093 402117 146 107 819664662 866229
20 1714419097 401748 146 170 823609948 3945286
21 1714419102 400293 131 146 827991346 4381398
22 1714419106 401870 205 122 832766114 4774768
23 1714419109 402593 190 136 834867855 2101741
24 1714419112 401144 205 219 838205589 3337734
25 1714419115 402073 180 136 841204934 2999345
26 1714419116 401901 131 175 842510701 1305767
27 1714419121 401392 122 117 846892341 4381640
28 1714419121 401771 161 180 847644781 752440
29 1714419122 401365 224 219 848682935 1038154
30 1714419123 401104 185 175 848830484 147549
31 1714419126 401566 156 175 851898379 3067895
32 1714419127 401151 185 180 853441485 1543106
33 1714419128 401257 161 214 853822906 381421
34 1714419129 401967 224 205 854911258 1088352
35 1714419131 402071 170 214 857007887 2096629
36 1714419136 402258 122 107 861889836 4881949
37 1714419145 402243 209 151 871497226 9607390
38 1714419146 402135 107 112 872225100 727874
39 1714419148 402473 170 112 874530105 2305005
40 1714419150 402868 166 117 876508412 1978307
41 1714419151 402611 126 112 876913978 405566
42 1714419152 401947 214 166 877869385 955407
43 1714419153 402518 112 156 879394653 1525268
44 1714419155 402237 170 200 880788781 1394128
45 1714419160 402910 117 122 885896154 5107373
46 1714419162 402553 175 151 888294283 2398129
47 1714419162 403323 307 122 888331114 36831
48 1714419163 402090 161 239 889171215 840101
49 1714419167 401109 258 166 893438609 4267394
50 1714419170 402755 117 117 895820864 2382255
51 1714419173 402354 107 229 899046718 3225854
52 1714419174 402594 141 180 899901912 855194
53 1714419174 403368 175 126 900651293 749381
54 1714419181 402868 200 190 906935728 6284435
55 1714419185 402178 273 273 911174591 4238863
56 1714419186 402868 112 219 911848100 673509
57 1714419192 402889 185 161 918608806 6760706
58 1714419194 402493 161 117 920199191 1590385
59 1714419198 402857 156 200 924295781 4096590
60 1714419199 401917 195 107 925151469 855688
61 1714419204 402127 151 117 930347485 5196016
62 1714419206 403149 136 117 932082315 1734830
63 1714419207 403126 190 141 932673494 591179
64 1714419213 402924 239 219 939262855 6589361
65 1714419213 403645 166 258 939314930 52075
66 1714419213 404072 141 136 939348953 34023
67 1714419213 404643 126 131 939490508 141555
68 1714419218 401828 195 107 944306913 4816405
69 1714419218 402374 166 268 944531838 224925
70 1714419222 402271 175 141 948595212 4063374
71 1714419224 403219 107 112 950076225 1481013
72 1714419225 402220 175 122 951207004 1130779
73 1714419226 402416 170 131 951950359 743355
74 1714419230 402976 170 112 956079801 4129442
75 1714419231 402452 131 146 957061004 981203
76 1714419234 403018 263 205 960185200 3124196
77 1714419235 402894 107 161 961175565 990365
78 1714419237 402375 146 273 963449695 2274130
79 1714419242 402354 185 195 967789715 4340020
80 1714419243 402642 117 151 968996701 1206986
81 1714419246 402656 122 175 972017811 3021110
82 1714419248 402497 117 146 974125085 2107274
83 1714419248 403204 170 112 974353953 228868
84 1714419251 403306 156 122 976606735 2252782
85 1714419251 404022 166 126 977460100 853365
86 1714419253 402874 112 107 978894249 1434149
87 1714419257 403289 112 112 983425602 4531353
88 1714419259 402865 239 200 985015887 1590285
89 1714419262 402750 122 112 988045934 3030047
90 1714419262 403552 117 175 988344776 298842
91 1714419264 402383 107 219 990099916 1755140
92 1714419265 402756 136 107 990950170 850254
93 1714419266 402791 136 122 992091108 1140938
94 1714419269 402146 195 107 995087589 2996481
95 1714419270 402219 175 224 995834536 746947
96 1714419273 402216 166 185 999399316 3564780
97 1714419279 402529 205 131 1004649522 5250206
98 1714419279 403264 170 166 1005249369 599847
99 1714419281 402614 205 180 1006769100 1519731
100 1714419284 403223 122 112 1009984651 3215551
101 1714419284 403668 136 175 1010348178 363527
102 1714419288 403029 131 112 1013660474 3312296
103 1714419291 402829 234 190 1017501311 3840837
104 1714419299 403239 200 180 1024833263 7331952
105 1714419300 403078 136 185 1025570048 736785
106 1714419301 403323 112 175 1026965848 1395800
107 1714419305 402982 205 112 1030961553 3995705
108 1714419309 403011 234 156 1034913527 3951974
109 1714419312 403069 122 107 1037501828 2588301
110 1714419313 403208 136 107 1038864964 1363136
111 1714419315 402618 117 126 1040861474 1996510
112 1714419322 403277 107 107 1047610281 6748807
113 1714419323 403003 117 170 1048589114 978833
114 1714419323 403749 126 131 1048954159 365045
115 1714419324 403048 136 107 1049726935 772776
116 1714419330 403102 180 263 1055813781 6086846
117 1714419331 402775 161 107 1057416889 1603108
118 1714419343 402583 200 107 1069025622 11608733
119 1714419344 403486 263 146 1069620469 594847
120 1714419347 403046 175 117 1073099057 3478588
121 1714419348 403209 244 175 1073453258 354201
122 1714419348 403935 131 185 1074174062 720804
123 1714419349 403496 229 214 1074831561 657499
124 1714419350 403234 219 209 1075741231 909670
125 1714419351 403272 156 146 1077266288 1525057
126 1714419355 402827 258 151 1081263929 3997641
127 1714419355 403542 112 107 1081362650 98721
128 1714419359 403209 336 249 1084476499 3113849
129 1714419361 403056 170 239 1086585407 2108908
130 1714419361 403799 200 122 1087029240 443833
131 1714419367 402858 136 117 1092577891 5548651
132 1714419373 403508 180 136 1098602431 6024540
133 1714419374 403643 122 136 1100378364 1775933
134 1714419376 403202 146 205 1102295063 1916699
135 1714419377 403399 141 190 1102485315 190252
136 1714419377 404011 170 234 1103109795 624480
137 1714419378 402812 107 112 1103946321 836526
138 1714419384 403475 175 122 1109424910 5478589
139 1714419387 403463 214 117 1112812590 3387680
140 1714419387 404220 180 258 1112846627 34037
141 1714419389 403826 190 175 1115017301 2170674
142 1714419390 402642 131 117 1115801989 784688
143 1714419390 403490 180 136 1116126749 324760
144 1714419392 403563 219 136 1117386670 1259921
145 1714419392 404330 175 224 1118217829 831159
146 1714419394 403522 112 107 1120135524 1917695
147 1714419396 402661 209 175 1121788666 1653142
148 1714419396 403110 161 136 1122246125 457459
149 1714419400 402191 126 112 1125832143 3586018
150 1714419402 403445 249 136 1127675560 1843417
151 1714419402 404167 229 107 1127746031 70471
152 1714419405 403494 161 297 1130527872 2781841
153 1714419409 403505 151 122 1134904776 4376904
154 1714419409 404289 200 136 1135016335 111559
155 1714419410 403573 185 195 1135610891 594556
156 1714419410 404308 161 161 1136070037 459146
157 1714419415 403548 112 239 1140668743 4598706
158 1714419417 403145 112 122 1143147590 2478847
159 1714419420 403311 112 112 1145435077 2287487
160 1714419420 404131 166 283 1145798724 363647
161 1714419420 404706 112 209 1145957061 158337
162 1714419428 403868 190 107 1153596934 7639873
163 1714419428 404746 107 214 1154283411 686477
164 1714419431 403074 151 126 1156847623 2564212
165 1714419433 403855 234 146 1159085987 2238364
166 1714419435 403038 117 117 1160963433 1877446
167 1714419437 403347 180 112 1163044385 2080952
168 1714419439 403350 244 166 1164499622 1455237
169 1714419448 402606 141 205 1174075613 9575991
170 1714419449 403115 141 170 1175186848 1111235
171 1714419457 402814 170 156 1182699407 7512559
172 1714419461 403149 126 136 1186393273 3693866
173 1714419463 403726 161 195 1188437430 2044157
174 1714419468 402956 151 117 1193328896 4891466
175 1714419471 403611 112 200 1196647346 3318450
176 1714419474 403820 205 190 1199431676 2784330
177 1714419474 404747 112 278 1200145254 713578
178 1714419476 402938 146 219 1201681483 1536229
179 1714419482 404772 185 107 1207454077 5772594
180 1714419483 402779 214 117 1208481628 1027551
181 1714419485 403081 136 112 1210326148 1844520
182 1714419486 403243 126 117 1211414771 1088623
183 1714419486 403896 185 131 1211813786 399015
184 1714419488 404338 122 131 1213315574 1501788
185 1714419488 405298 214 239 1213995552 679978
186 1714419489 403831 122 126 1214897646 902094
187 1714419491 403226 166 112 1216535381 1637735
188 1714419494 404043 107 131 1219320987 2785606
189 1714419498 403692 131 117 1223570966 4249979
190 1714419500 403180 126 185 1225365974 1795008
191 1714419500 403949 136 180 1225768078 402104
192 1714419502 403201 112 175 1227972903 2204825
193 1714419503 402951 107 122 1228687411 714508
194 1714419506 402473 107 117 1232074015 3386604
195 1714419508 403898 166 166 1233339838 1265823
196 1714419509 403445 214 136 1234397366 1057528
197 1714419513 403820 170 258 1238939785 4542419
198 1714419518 402795 229 107 1243323206 4383421
199 1714419520 402734 258 200 1245313090 1989884
200 1714419526 402987 175 126 1251227445 5914355
201 1714419528 403698 185 239 1253723944 2496499
202 1714419530 403610 161 161 1255641398 1917454
203 1714419530 404301 117 107 1255678637 37239
204 1714419530 404953 161 131 1255830579 151942
205 1714419533 403358 156 175 1258431500 2600921
206 1714419537 404104 161 126 1262436147 4004647
207 1714419544 403429 126 219 1269791910 7355763
208 1714419545 403448 200 156 1270740759 948849
209 1714419545 404185 156 170 1270959853 219094
210 1714419546 404070 180 170 1271508226 548373
211 1714419560 404139 117 136 1285516574 14008348
212 1714419563 403994 166 107 1288765880 3249306
213 1714419564 404260 195 200 1289616855 850975
214 1714419565 404129 112 107 1290939749 1322894
215 1714419568 404442 180 146 1293883579 2943830
216 1714419588 403815 195 170 1313591574 19707995
217 1714419591 403855 200 112 1316722315 3130741
218 1714419596 403608 224 122 1321286379 4564064
219 1714419598 404427 131 112 1323355398 2069019
220 1714419600 404685 122 214 1325241402 1886004
221 1714419600 405514 122 112 1325312959 71557
222 1714419606 403824 126 141 1331830226 6517267
223 1714419608 404117 117 141 1333073839 1243613
224 1714419610 404461 126 112 1335429551 2355712
225 1714419610 405565 117 112 1335854843 425292
226 1714419612 404403 126 151 1337491258 1636415
227 1714419614 404129 234 219 1339723896 2232638
228 1714419615 403882 117 117 1340415555 691659
229 1714419616 403265 107 122 1341558334 1142779
230 1714419616 403553 156 122 1341830772 272438
231 1714419618 403367 141 126 1343163641 1332869
232 1714419625 403630 112 146 1350176877 7013236
233 1714419626 402725 107 185 1351846906 1670029
234 1714419626 403316 180 122 1351946869 99963
235 1714419628 404080 161 112 1353112181 1165312
236 1714419632 403568 200 209 1357162666 4050485
237 1714419636 403649 117 126 1361003941 3841275
238 1714419647 403743 141 107 1372001619 10997678
239 1714419649 404253 166 107 1374651551 2649932
240 1714419653 403979 146 107 1378823745 4172194
241 1714419654 414079 117 131 1379964341 1140596
242 1714419656 403941 180 136 1381785230 1820889
243 1714419658 404243 195 112 1383195666 1410436
244 1714419660 405059 146 112 1385907702 2712036
245 1714419663 404655 126 117 1388160610 2252908
246 1714419663 405409 117 112 1388894389 733779
247 1714419665 404018 180 219 1390136433 1242044
248 1714419666 404187 185 126 1391049219 912786
249 1714419669 404933 117 205 1394854325 3805106
250 1714419673 404524 175 141 1398879342 4025017
251 1714419677 404050 219 214 1402809325 3929983
252 1714419678 404514 190 224 1403265030 455705
253 1714419680 404246 107 107 1405003537 1738507
254 1714419684 404131 136 161 1409033085 4029548
255 1714419684 404927 156 107 1409684135 651050
256 1714419686 404047 180 117 1411228465 1544330
257 1714419686 404551 126 239 1411734979 506514
258 1714419686 404830 107 112 1411911387 176408
259 1714419691 403792 131 131 1416358955 4447568
260 1714419691 404271 258 126 1416575757 216802
261 1714419692 403902 107 107 1417177162 601405
262 1714419706 404501 141 117 1431554996 14377834
263 1714419709 404656 175 185 1434380718 2825722
264 1714419711 404205 244 253 1436737394 2356676
265 1714419714 403888 219 146 1439697615 2960221
266 1714419721 404657 117 161 1445901105 6203490
267 1714419722 403877 136 136 1447581226 1680121
268 1714419727 403836 136 131 1452423522 4842296
269 1714419730 403767 180 112 1454866130 2442608
270 1714419730 404503 141 141 1455501575 635445
271 1714419731 404623 122 195 1456111560 609985
272 1714419735 404097 205 107 1460219910 4108350
273 1714419739 404743 136 200 1464256332 4036422
274 1714419748 404412 107 112 1473446121 9189789
275 1714419753 404197 146 136 1478230290 4784169
276 1714419754 404017 195 170 1479452177 1221887
277 1714419756 404698 107 170 1481520600 2068423
278 1714419756 405242 229 166 1481750907 230307
279 1714419759 404901 122 122 1484611938 2861031
280 1714419761 404201 126 107 1486290782 1678844
281 1714419761 404968 126 136 1486699354 408572
282 1714419764 404844 122 117 1489773785 3074431
283 1714419765 404343 146 180 1490291666 517881
284 1714419766 404365 219 229 1491324974 1033308
285 1714419767 404361 122 180 1491822244 497270
286 1714419767 405021 107 112 1492472379 650135
287 1714419769 405256 180 156 1494445306 1972927
288 1714419770 404392 151 170 1495344737 899431
289 1714419772 404395 126 112 1496945997 1601260
290 1714419777 404357 112 112 1501947392 5001395
291 1714419778 404739 234 258 1502934759 987367
292 1714419778 405523 234 170 1503296610 361851
293 1714419778 405975 112 107 1503740354 443744
294 1714419781 404660 209 122 1506507983 2767629
295 1714419788 405102 136 107 1513739857 7231874
296 1714419790 404435 107 126 1515566173 1826316
297 1714419793 404356 112 180 1517945824 2379651
298 1714419797 404431 205 214 1522495346 4549522
299 1714419798 404836 185 249 1523021447 526101
300 1714419801 404551 209 234 1525812433 2790986
301 1714419801 405112 185 219 1526194398 381965
302 1714419802 405083 131 214 1526790912 596514
303 1714419803 404618 126 239 1528265321 1474409
304 1714419806 405211 234 244 1531336091 3070770
305 1714419807 404937 107 112 1532375698 1039607
306 1714419810 404139 122 219 1535332912 2957214
307 1714419812 404356 131 112 1536754497 1421585
308 1714419813 405398 175 190 1538506729 1752232
309 1714419814 404490 249 107 1539356656 849927
310 1714419815 404708 209 107 1539737264 380608
311 1714419816 405076 112 112 1540819701 1082437
312 1714419817 404812 190 219 1542328153 1508452
313 1714419820 404109 112 117 1544944583 2616430
314 1714419821 404928 175 166 1546218637 1274054
315 1714419823 404772 107 122 1548127934 1909297
316 1714419826 406702 107 112 1550799203 2671269
317 1714419836 405060 107 112 1561312937 10513734
318 1714419836 405791 146 200 1561542100 229163
319 1714419838 404242 175 214 1563038536 1496436
320 1714419838 405105 117 112 1563159877 121341
321 1714419838 405457 112 122 1563283757 123880
322 1714419838 405723 122 141 1563472234 188477
323 1714419841 404788 136 112 1565951384 2479150
324 1714419845 405071 146 185 1570516771 4565387
325 1714419846 404618 126 112 1570962666 445895
326 1714419846 405236 190 112 1571223853 261187
327 1714419846 405455 112 141 1571271975 48122
328 1714419847 405251 185 180 1572039848 767873
329 1714419847 405829 112 107 1572560581 520733
330 1714419852 405032 136 200 1577442244 4881663
331 1714419858 405107 107 107 1582754010 5311766
332 1714419858 405605 107 126 1583234844 480834
333 1714419859 405294 156 136 1584316824 1081980
334 1714419861 404823 180 156 1585722887 1406063
335 1714419861 405444 112 180 1585911340 188453
336 1714419865 405521 195 151 1590229148 4317808
337 1714419869 405478 190 229 1594071944 3842796
338 1714419875 404979 126 302 1600133685 6061741
339 1714419876 403194 200 117 1601110542 976857
340 1714419877 405273 166 224 1602604653 1494111
341 1714419878 405093 122 166 1603355979 751326
342 1714419879 404782 131 126 1604169613 813634
343 1714419885 405086 117 175 1609807891 5638278
344 1714419885 405524 156 131 1610441859 633968
345 1714419886 404485 161 234 1611403043 961184
346 1714419887 405673 234 166 1611894552 491509
347 1714419892 404662 136 112 1617159240 5264688
348 1714419896 404014 146 229 1620674042 3514802
349 1714419901 404876 190 224 1626052148 5378106
350 1714419903 404685 141 195 1628288321 2236173
351 1714419906 403983 219 195 1631035834 2747513
352 1714419906 404613 214 268 1631493244 457410
353 1714419909 404871 151 117 1634249526 2756282
354 1714419911 404097 131 229 1636329886 2080360
355 1714419912 405187 141 107 1637506807 1176921
356 1714419915 404167 253 249 1640157336 2650529
357 1714419921 405239 219 195 1645671675 5514339
358 1714419921 405992 117 151 1646404585 732910
359 1714419922 403872 209 234 1647499306 1094721
360 1714419923 404749 156 273 1647890776 391470
361 1714419924 404837 209 107 1649383481 1492705
362 1714419932 412835 205 107 1656809023 7425542
363 1714419933 405596 239 151 1658129900 1320877
364 1714419935 405287 122 156 1660486613 2356713
365 1714419937 405902 107 112 1661798400 1311787
366 1714419940 405176 107 131 1664710796 2912396
367 1714419940 405914 200 117 1665309996 599200
368 1714419948 405715 131 126 1672686050 7376054
369 1714419951 404442 234 170 1675850680 3164630
370 1714419955 404789 136 190 1679658632 3807952
371 1714419955 405268 107 126 1679894807 236175
372 1714419956 405552 107 117 1680959322 1064515
373 1714419958 405230 205 205 1682603349 1644027
374 1714419960 405337 131 126 1684793495 2190146
375 1714419962 405464 107 122 1686812568 2019073
376 1714419965 405577 219 195 1689548484 2735916
377 1714419973 405637 151 195 1697705399 8156915
378 1714419981 405323 131 253 1705580226 7874827
379 1714419982 405832 146 107 1706818850 1238624
380 1714419985 405434 126 122 1709474206 2655356
381 1714419989 405606 180 112 1714272484 4798278
382 1714419991 405791 180 151 1716330970 2058486
383 1714419997 405249 151 136 1721958215 5627245
384 1714420001 404994 205 112 1726373827 4415612
385 1714420003 405222 107 122 1727670306 1296479
386 1714420006 405284 180 112 1731251808 3581502
387 1714420007 404003 112 112 1732382140 1130332
388 1714420009 406064 151 122 1734026536 1644396
389 1714420010 405550 214 112 1734906445 879909
390 1714420012 404699 170 258 1736788196 1881751
391 1714420013 405827 131 107 1737453163 664967
392 1714420013 406545 112 180 1738099522 646359
393 1714420014 405948 107 131 1738930187 830665
394 1714420021 405869 126 107 1745770483 6840296
395 1714420024 404826 244 253 1748913311 3142828
396 1714420025 404284 200 161 1749830273 916962
397 1714420028 405978 136 107 1752497767 2667494
398 1714420032 405885 205 229 1756906877 4409110
399 1714420037 405476 146 107 1761920152 5013275
400 1714420038 405367 126 195 1762728651 808499
401 1714420042 405735 117 131 1766644570 3915919
402 1714420045 406295 117 175 1769786417 3141847
403 1714420047 405694 170 136 1771413666 1627249
404 1714420048 405452 200 112 1772826556 1412890
405 1714420054 405541 317 488 1779037680 6211124
406 1714420055 405732 195 175 1779453258 415578
407 1714420061 406192 219 195 1785828565 6375307
408 1714420070 406233 200 322 1794773223 8944658
409 1714420078 405565 258 239 1802763116 7989893
410 1714420079 405601 185 209 1804159016 1395900
411 1714420082 406153 112 170 1806533903 2374887
412 1714420086 405421 195 190 1810391604 3857701
413 1714420092 405777 234 219 1816826584 6434980
414 1714420098 406160 131 161 1822350057 5523473
415 1714420099 406440 131 156 1823920548 1570491
416 1714420099 407280 136 112 1824110398 189850
417 1714420100 405685 180 122 1825201473 1091075
418 1714420102 405464 146 126 1826744671 1543198
419 1714420102 406096 131 122 1827130162 385491
420 1714420102 406353 209 117 1827176020 45858
421 1714420103 405565 258 112 1827776753 600733
422 1714420103 406107 112 224 1828064925 288172
423 1714420104 405874 141 107 1829178234 1113309
424 1714420114 405739 229 136 1839162821 9984587
425 1714420115 406237 131 131 1839350206 187385
426 1714420122 406223 156 107 1847112063 7761857
427 1714420127 405714 112 112 1851871715 4759652
428 1714420129 406095 268 107 1853603018 1731303
429 1714420131 405611 107 214 1855668676 2065658
430 1714420131 406323 156 219 1856239350 570674
431 1714420132 405729 117 180 1856825715 586365
432 1714420137 405962 126 126 1861789516 4963801
433 1714420137 406705 180 244 1862091724 302208
434 1714420138 406296 195 229 1862340764 249040
435 1714420139 406330 209 200 1863712183 1371419
436 1714420140 406192 151 209 1864435005 722822
437 1714420141 405876 112 107 1865609234 1174229
438 1714420143 405697 156 200 1867781647 2172413
439 1714420144 405906 209 136 1868253293 471646
440 1714420145 405933 190 205 1869256685 1003392
441 1714420146 406059 107 185 1870322512 1065827
442 1714420147 405807 175 151 1872061671 1739159
443 1714420149 406183 195 209 1873733728 1672057
444 1714420150 406064 141 209 1874670183 936455
445 1714420151 406106 175 185 1875625183 955000
446 1714420156 406188 161 185 1880652834 5027651
447 1714420158 406110 112 200 1883013253 2360419
448 1714420159 405549 151 195 1883957437 944184
449 1714420161 406298 131 131 1885946339 1988902
450 1714420165 405704 131 126 1889794100 3847761
451 1714420167 406006 190 175 1891317921 1523821
452 1714420168 406250 175 166 1892577272 1259351
453 1714420168 407023 117 136 1892937147 359875
454 1714420171 406205 112 122 1895354039 2416892
455 1714420173 405938 112 131 1897531658 2177619
456 1714420174 406326 229 205 1898673896 1142238
457 1714420177 406013 195 244 1901256394 2582498
458 1714420177 406726 107 107 1901480281 223887
459 1714420178 405530 263 141 1902627785 1147504
460 1714420178 406261 122 146 1902721685 93900
461 1714420178 406615 214 112 1902957579 235894
462 1714420179 406342 146 180 1903511958 554379
463 1714420183 405999 136 190 1907491907 3979949
464 1714420187 405775 146 249 1912029129 4537222
465 1714420190 406320 205 161 1914933609 2904480
466 1714420193 406018 175 112 1917210153 2276544
467 1714420198 406166 126 141 1922754169 5544016
468 1714420200 406213 126 107 1924853267 2099098
469 1714420202 405989 107 107 1926332133 1478866
470 1714420202 406480 126 107 1926765226 433093
471 1714420206 406341 205 117 1930373974 3608748
472 1714420206 407108 112 175 1931132753 758779
473 1714420211 405914 112 112 1935475651 4342898
474 1714420216 406405 180 117 1940751724 5276073
475 1714420217 406316 122 200 1941239090 487366
476 1714420218 406341 180 190 1942516505 1277415
477 1714420218 407093 190 205 1942749872 233367
478 1714420219 406021 136 112 1943326958 577086
479 1714420221 405987 151 117 1946063246 2736288
480 1714420225 406149 117 136 1949917795 3854549
481 1714420230 406235 117 117 1955022352 5104557
482 1714420231 406288 131 278 1955431144 408792
483 1714420236 406312 205 185 1960819421 5388277
484 1714420238 406326 195 195 1962119570 1300149
485 1714420240 406053 161 107 1964766029 2646459
486 1714420243 405701 107 209 1967426460 2660431
487 1714420243 406035 195 136 1967813531 387071
488 1714420244 406308 205 141 1968597632 784101
489 1714420246 406580 112 151 1970797868 2200236
490 1714420250 406641 146 151 1974329785 3531917
491 1714420255 406382 131 122 1979490939 5161154
492 1714420261 406882 136 126 1985897062 6406123
493 1714420262 406486 126 151 1986535651 638589
494 1714420267 406490 146 175 1991252455 4716804
495 1714420268 407156 131 112 1992862074 1609619
496 1714420269 406492 117 268 1993981811 1119737
497 1714420273 407104 170 200 1997413091 3431280
498 1714420274 406482 112 175 1998967253 1554162
