1 1714426020 107 112 9561802 9561802
2 1714426021 107 195 10393653 831851
3 1714426023 122 122 12212565 1818912
4 1714426031 126 136 20457644 8245079
5 1714426031 112 126 20854829 397185
6 1714426035 161 200 24729969 3875140
7 1714426036 126 175 24979834 249865
8 1714426042 141 122 31041383 6061549
9 1714426045 117 112 34384613 3343230
10 1714426049 151 185 37978072 3593459
11 1714426050 112 131 38991139 1013067
12 1714426050 185 141 39612662 621523
13 1714426051 224 126 40257542 644880
14 1714426052 112 117 41343389 1085847
15 1714426052 190 180 41576125 232736
16 1714426053 322 297 42357320 781195
17 1714426057 180 136 46323882 3966562
18 1714426063 112 175 52489484 6165602
19 1714426064 136 151 53810327 1320843
20 1714426065 200 161 54379187 568860
21 1714426067 200 209 55950052 1570865
22 1714426068 200 122 57124685 1174633
23 1714426068 229 209 57759258 634573
24 1714426070 146 229 58954311 1195053
25 1714426070 122 146 59115433 161122
26 1714426074 205 156 63610139 4494706
27 1714426077 131 112 66297591 2687452
28 1714426077 107 126 66331625 34034
29 1714426077 107 117 66693274 361649
30 1714426080 122 112 69730395 3037121
31 1714426082 141 126 70843100 1112705
32 1714426083 200 190 72158900 1315800
33 1714426084 161 229 73008705 849805
34 1714426086 151 258 75200162 2191457
35 1714426089 190 112 78755412 3555250
36 1714426090 112 122 79282196 526784
37 1714426092 107 131 81369849 2087653
38 1714426094 161 107 83374997 2005148
39 1714426095 244 151 84367666 992669
40 1714426096 209 131 85377302 1009636
41 1714426101 166 117 89821121 4443819
42 1714426107 156 156 95781009 5959888
43 1714426107 117 107 96288524 507515
44 1714426108 136 107 97275724 987200
45 1714426113 185 258 101969178 4693454
46 1714426114 131 175 103724148 1754970
47 1714426118 107 380 107075800 3351652
48 1714426119 117 112 108690613 1614813
49 1714426120 156 117 109668334 977721
50 1714426122 117 141 111461436 1793102
51 1714426127 229 136 116438958 4977522
52 1714426128 214 170 116986848 547890
53 1714426130 185 112 118806906 1820058
54 1714426130 161 126 118949570 142664
55 1714426130 170 107 119638628 689058
56 1714426132 161 166 121183416 1544788
57 1714426132 180 122 121268816 85400
58 1714426133 126 117 122043473 774657
59 1714426135 117 117 124511144 2467671
60 1714426136 141 141 125064749 553605
61 1714426148 200 166 137285565 12220816
62 1714426150 180 131 139486246 2200681
63 1714426151 107 122 139748784 262538
64 1714426156 200 180 144842584 5093800
65 1714426159 161 175 148575718 3733134
66 1714426160 117 131 148818848 243130
67 1714426161 112 107 149768242 949394
68 1714426168 146 112 156686419 6918177
69 1714426168 219 209 157090168 403749
70 1714426170 117 122 159317504 2227336
71 1714426174 141 136 163415596 4098092
72 1714426177 107 112 165747457 2331861
73 1714426177 126 107 166376119 628662
74 1714426179 107 112 167781801 1405682
75 1714426179 107 136 167843877 62076
76 1714426182 112 107 171179063 3335186
77 1714426189 253 273 177966791 6787728
78 1714426192 131 209 180695215 2728424
79 1714426193 151 107 181987998 1292783
80 1714426194 219 209 183250114 1262116
81 1714426197 263 185 186399815 3149701
82 1714426199 195 107 188591458 2191643
83 1714426202 131 244 191470658 2879200
84 1714426204 234 185 193397135 1926477
85 1714426219 205 307 207670795 14273660
86 1714426220 136 151 208783484 1112689
87 1714426220 156 175 209511368 727884
88 1714426222 122 107 210824872 1313504
89 1714426228 185 107 217197527 6372655
90 1714426229 151 185 218517442 1319915
91 1714426231 185 156 220178637 1661195
92 1714426232 141 205 221249925 1071288
93 1714426239 268 112 228424547 7174622
94 1714426241 175 156 230347920 1923373
95 1714426243 156 253 231750354 1402434
96 1714426243 112 126 231968191 217837
97 1714426243 126 112 232290653 322462
98 1714426247 131 107 235768030 3477377
99 1714426252 131 175 240910833 5142803
100 1714426255 170 166 243987992 3077159
101 1714426255 107 107 244401853 413861
102 1714426259 185 151 248072996 3671143
103 1714426266 117 112 254518109 6445113
104 1714426267 107 136 255733896 1215787
105 1714426271 107 112 260407945 4674049
106 1714426277 239 166 266077933 5669988
107 1714426279 209 151 268027349 1949416
108 1714426289 214 112 277625833 9598484
109 1714426290 151 205 278849244 1223411
110 1714426292 239 175 280481215 1631971
111 1714426292 131 112 280720187 238972
112 1714426301 122 195 289690839 8970652
113 1714426301 112 117 290193167 502328
114 1714426302 214 146 291304881 1111714
115 1714426303 107 112 292239154 934273
116 1714426305 126 141 294165958 1926804
117 1714426311 195 166 300215325 6049367
118 1714426313 205 209 302075135 1859810
119 1714426315 122 141 304193016 2117881
120 1714426319 205 175 308221825 4028809
121 1714426320 219 239 308669231 447406
122 1714426321 214 234 309448336 779105
123 1714426323 185 107 311421689 1973353
124 1714426324 170 131 313332023 1910334
125 1714426326 170 117 314823332 1491309
126 1714426326 239 268 315151258 327926
127 1714426332 117 112 321108479 5957221
128 1714426336 185 161 325143128 4034649
129 1714426338 117 122 326493855 1350727
130 1714426344 107 126 332861042 6367187
131 1714426346 151 136 334609282 1748240
132 1714426348 122 136 336870943 2261661
133 1714426349 195 122 337582944 712001
134 1714426349 224 122 338258153 675209
135 1714426351 180 146 339761939 1503786
136 1714426355 200 190 344158009 4396070
137 1714426358 131 126 346784963 2626954
138 1714426365 136 195 353860306 7075343
139 1714426365 126 126 354031474 171168
140 1714426370 131 112 359140637 5109163
141 1714426371 175 151 359460363 319726
142 1714426371 185 214 359729153 268790
143 1714426371 126 234 360009196 280043
144 1714426376 175 244 365097829 5088633
145 1714426377 136 122 365811926 714097
146 1714426378 112 107 366614409 802483
147 1714426379 107 185 368202387 1587978
148 1714426380 112 107 368811776 609389
149 1714426383 166 117 372221959 3410183
150 1714426384 214 151 373227632 1005673
151 1714426386 146 151 374805236 1577604
152 1714426398 219 190 386709038 11903802
153 1714426402 131 112 390537299 3828261
154 1714426413 161 117 402080821 11543522
155 1714426415 161 141 403960560 1879739
156 1714426417 214 126 405340831 1380271
157 1714426419 327 146 407571557 2230726
158 1714426419 117 126 408252384 680827
159 1714426421 107 122 410077210 1824826
160 1714426424 229 112 412290763 2213553
161 1714426425 141 117 413435349 1144586
162 1714426426 180 136 414263881 828532
163 1714426426 190 239 414412293 148412
164 1714426430 136 117 418399759 3987466
165 1714426430 175 209 418604795 205036
166 1714426433 122 112 421293898 2689103
167 1714426433 122 180 421925887 631989
168 1714426434 166 112 422808343 882456
169 1714426438 249 258 426260398 3452055
170 1714426445 107 112 433903712 7643314
171 1714426445 131 112 434199860 296148
172 1714426450 131 234 438610231 4410371
173 1714426451 224 112 439671769 1061538
174 1714426458 170 112 446851288 7179519
175 1714426459 214 195 447615073 763785
176 1714426462 170 209 450982584 3367511
177 1714426462 209 175 451145407 162823
178 1714426465 107 175 453706728 2561321
179 1714426467 244 126 456025095 2318367
180 1714426469 131 107 457642246 1617151
181 1714426469 122 112 457931052 288806
182 1714426470 180 141 458423504 492452
183 1714426474 175 234 462492346 4068842
184 1714426476 117 107 464681416 2189070
185 1714426477 180 288 465375643 694227
186 1714426477 156 117 466068095 692452
187 1714426478 136 122 467147912 1079817
188 1714426479 126 126 468004248 856336
189 1714426480 136 166 468670016 665768
190 1714426492 141 107 480437274 11767258
191 1714426492 141 131 480672560 235286
192 1714426492 126 107 480833503 160943
193 1714426494 312 136 482813753 1980250
194 1714426494 122 175 483080657 266904
195 1714426495 219 122 483384737 304080
196 1714426496 146 146 484994513 1609776
197 1714426497 229 180 486015912 1021399
198 1714426498 214 195 486998010 982098
