1 1714422614 573559 136 136 4709010 4709010
2 1714422614 574620 166 156 4925067 216057
3 1714422614 575031 141 107 5305944 380877
4 1714422618 572485 122 249 8686452 3380508
5 1714422619 573256 229 180 9448718 762266
6 1714422620 573337 229 131 10732966 1284248
7 1714422626 573032 122 136 16701072 5968106
8 1714422630 572986 151 170 21184864 4483792
9 1714422631 572881 131 214 22207024 1022160
10 1714422635 573167 107 117 25739328 3532304
11 1714422637 572973 200 112 28099696 2360368
12 1714422641 573967 141 253 32248701 4149005
13 1714422642 573343 185 209 32845905 597204
14 1714422644 573148 205 166 35297402 2451497
15 1714422651 572959 253 122 41578623 6281221
16 1714422652 572205 239 107 42998261 1419638
17 1714422654 572905 166 190 44844738 1846477
18 1714422656 572999 214 219 46852548 2007810
19 1714422658 572485 268 122 48960283 2107735
20 1714422658 572669 122 112 49160665 200382
21 1714422664 572087 214 136 55147052 5986387
22 1714422665 571730 117 190 55795436 648384
23 1714422667 571787 146 156 57460451 1665015
24 1714422670 573732 234 107 60989924 3529473
25 1714422681 573819 117 131 71765460 10775536
26 1714422685 573929 239 175 76111499 4346039
27 1714422688 573137 107 107 78946302 2834803
28 1714422689 573370 122 112 80007837 1061535
29 1714422692 573327 190 141 82421723 2413886
30 1714422700 573684 117 205 91153272 8731549
31 1714422701 572494 170 136 91981064 827792
32 1714422711 573320 117 136 101658157 9677093
33 1714422711 574860 117 170 102112105 453948
34 1714422713 574309 200 229 104137368 2025263
35 1714422715 573311 229 239 106050843 1913475
36 1714422719 572848 190 117 109592167 3541324
37 1714422724 573164 200 180 114635934 5043767
38 1714422724 574682 136 166 114729248 93314
39 1714422726 573863 239 126 116961685 2232437
40 1714422728 573808 126 117 118427864 1466179
41 1714422733 572907 107 205 123668934 5241070
42 1714422734 572461 190 136 124628853 959919
43 1714422734 573218 136 146 125028188 399335
44 1714422734 573965 151 200 125108258 80070
45 1714422735 574357 117 136 125943047 834789
46 1714422736 574252 200 156 126467590 524543
47 1714422736 574694 146 141 126997188 529598
48 1714422737 573626 166 166 127514552 517364
49 1714422739 573020 126 107 130098864 2584312
50 1714422741 573132 185 156 131539244 1440380
51 1714422741 574215 146 141 131587759 48515
52 1714422742 573427 126 151 132549433 961674
53 1714422744 573040 195 112 134438656 1889223
54 1714422747 573802 205 258 137370974 2932318
55 1714422747 574978 107 146 137734503 363529
56 1714422751 573827 185 166 141457859 3723356
57 1714422752 572081 107 126 142653836 1195977
58 1714422761 572774 244 205 152076378 9422542
59 1714422763 574331 166 151 153990426 1914048
60 1714422764 574035 107 112 154187921 197495
61 1714422766 573817 273 200 156427301 2239380
62 1714422766 574356 107 224 156846807 419506
63 1714422767 574756 117 229 157722138 875331
64 1714422768 573183 185 117 158551445 829307
65 1714422768 574084 117 107 158879463 328018
66 1714422770 573287 126 156 160791068 1911605
67 1714422775 573271 136 112 165178907 4387839
68 1714422777 574115 229 205 167678864 2499957
69 1714422779 573861 107 209 169349934 1671070
70 1714422782 573294 161 200 172212704 2862770
71 1714422783 573889 209 112 173186536 973832
72 1714422795 573722 136 122 185146162 11959626
73 1714422797 573735 107 175 188058927 2912765
74 1714422804 573292 185 126 194621473 6562546
75 1714422817 574224 209 136 207960306 13338833
76 1714422819 574401 209 249 209659948 1699642
77 1714422825 574218 107 126 215458395 5798447
78 1714422825 574979 180 205 215492443 34048
79 1714422825 575439 126 200 215979157 486714
80 1714422828 574191 234 214 218858648 2879491
81 1714422830 572943 141 175 220144455 1285807
82 1714422834 574583 112 214 224222378 4077923
83 1714422835 573621 195 195 226002143 1779765
84 1714422838 573683 224 107 228167870 2165727
85 1714422838 574426 122 297 228631139 463269
86 1714422838 574853 185 107 229007733 376594
87 1714422839 589232 122 117 229633901 626168
88 1714422856 575670 161 122 246802384 17168483
89 1714422858 572695 131 107 248362296 1559912
90 1714422858 573250 107 107 248407970 45674
91 1714422861 574121 126 195 251032060 2624090
92 1714422861 574774 229 156 251097279 65219
93 1714422864 574211 107 107 254267795 3170516
94 1714422866 577444 175 156 256077670 1809875
95 1714422867 573992 166 249 257772820 1695150
96 1714422867 574562 151 146 257866302 93482
97 1714422876 573920 185 112 266328643 8462341
98 1714422877 573544 112 195 267451996 1123353
99 1714422879 573534 136 131 269218235 1766239
100 1714422881 574585 161 156 271616320 2398085
101 1714422885 573312 146 161 275135728 3519408
102 1714422887 574097 180 278 277496824 2361096
103 1714422887 574784 112 117 277667580 170756
104 1714422890 573767 229 234 280306495 2638915
105 1714422895 573532 126 190 285374279 5067784
106 1714422900 575811 136 107 290275412 4901133
107 1714422903 573830 117 112 293379373 3103961
108 1714422905 574430 141 185 295823206 2443833
109 1714422907 573818 136 209 297075499 1252293
110 1714422908 574193 161 175 297984619 909120
111 1714422908 574892 126 146 298524057 539438
112 1714422913 574120 117 141 303466116 4942059
113 1714422917 574283 239 273 307283992 3817876
114 1714422929 573912 156 136 319145301 11861309
115 1714422930 573570 117 205 320876260 1730959
116 1714422932 574489 117 112 322052315 1176055
117 1714422934 573535 170 146 324545982 2493667
118 1714422938 574618 117 117 328266311 3720329
119 1714422941 573829 209 185 331518642 3252331
120 1714422941 574524 131 219 331653116 134474
121 1714422941 575114 156 156 331713183 60067
122 1714422945 574501 170 126 335420944 3707761
123 1714422946 574308 156 112 336734029 1313085
124 1714422947 574351 117 136 337625052 891023
125 1714422950 573976 107 126 340534851 2909799
126 1714422954 574184 112 117 344064919 3530068
127 1714422955 573971 190 195 345512483 1447564
128 1714422959 574201 180 131 349144332 3631849
129 1714422968 574790 170 141 357938469 8794137
130 1714422971 574476 253 156 361048018 3109549
131 1714422978 575141 161 107 368378710 7330692
132 1714422982 574373 239 258 372023090 3644380
133 1714422983 573894 112 112 373253857 1230767
134 1714422984 574234 117 107 373999294 745437
135 1714422987 574256 112 170 377230258 3230964
136 1714422987 574924 112 122 377605367 375109
137 1714422991 574068 219 136 381014926 3409559
138 1714422991 574774 302 156 381771114 756188
139 1714422992 574820 126 122 382477114 706000
140 1714422993 574760 190 151 382996125 519011
141 1714422993 575622 122 136 383697346 701221
142 1714422994 574479 107 122 384059378 362032
143 1714422995 573754 200 253 385149948 1090570
144 1714422997 573524 195 166 386880853 1730905
145 1714423000 575585 185 117 390189589 3308736
146 1714423001 573273 122 327 390898552 708963
147 1714423004 574166 141 107 394105350 3206798
148 1714423007 574173 229 278 397494244 3388894
149 1714423009 574337 107 200 398877380 1383136
150 1714423011 574831 190 112 400825772 1948392
151 1714423021 573053 141 166 410964083 10138311
152 1714423021 573721 117 146 411675694 711611
153 1714423025 574061 107 107 415632644 3956950
154 1714423030 580790 239 234 420750359 5117715
155 1714423033 574433 107 107 422964103 2213744
156 1714423034 574235 107 205 423974986 1010883
157 1714423035 573674 107 170 425098983 1123997
158 1714423035 574176 175 161 425253781 154798
159 1714423038 574170 117 229 428205791 2952010
160 1714423042 572996 107 136 432174675 3968884
161 1714423045 574309 122 170 435257772 3083097
162 1714423049 574679 136 107 439481916 4224144
163 1714423051 573978 219 112 440894033 1412117
164 1714423052 576025 224 146 442357768 1463735
165 1714423056 574192 180 122 445989595 3631827
166 1714423056 574721 122 229 446264389 274794
167 1714423060 573930 205 200 449793173 3528784
168 1714423060 574650 200 180 450147369 354196
169 1714423060 575099 156 107 450478275 330906
170 1714423064 574208 117 195 453997785 3519510
171 1714423066 593118 156 136 456045485 2047700
172 1714423066 595335 200 190 456140565 95080
173 1714423067 574330 107 107 456864466 723901
174 1714423067 575045 200 180 457294680 430214
175 1714423067 575471 112 175 457340282 45602
176 1714423073 574010 156 175 463186426 5846144
177 1714423073 574778 336 175 463584430 398004
178 1714423074 573850 297 292 464653490 1069060
179 1714423080 574541 122 131 469776178 5122688
180 1714423080 575219 185 175 470439536 663358
181 1714423084 574107 122 112 474221100 3781564
182 1714423085 574882 117 122 475168694 947594
183 1714423087 574148 107 161 477007385 1838691
184 1714423088 574401 107 126 477694961 687576
185 1714423090 573740 195 151 480183380 2488419
186 1714423091 574351 273 141 480712009 528629
187 1714423091 575041 112 175 481251116 539107
188 1714423095 574496 205 200 484806848 3555732
189 1714423100 573616 195 122 490631926 5825078
190 1714423107 573815 126 131 497418816 6786890
191 1714423112 574923 107 117 501751196 4332380
192 1714423121 573593 126 195 510900178 9148982
193 1714423125 574243 151 131 515322172 4421994
194 1714423135 573975 136 161 525387733 10065561
195 1714423139 573956 107 112 529182522 3794789
196 1714423141 574037 161 234 530902226 1719704
197 1714423143 603601 141 151 533167464 2265238
198 1714423153 574729 205 253 543011219 9843755
199 1714423156 576009 136 112 546305229 3294010
200 1714423157 574467 122 112 546650728 345499
201 1714423159 573993 126 126 548648982 1998254
202 1714423162 574660 112 107 551697244 3048262
203 1714423162 575446 131 112 552462033 764789
204 1714423163 574264 209 205 552576758 114725
205 1714423164 575552 112 107 553633131 1056373
206 1714423171 574291 136 195 561128279 7495148
207 1714423173 573611 107 107 563278948 2150669
208 1714423174 574180 136 200 564224272 945324
209 1714423174 574948 151 229 564391346 167074
210 1714423174 575399 185 112 564431406 40060
211 1714423179 575278 200 126 569328028 4896622
212 1714423180 581455 170 175 570014843 686815
213 1714423185 573132 224 180 574952859 4938016
214 1714423186 574194 126 170 576427244 1474385
215 1714423186 575148 209 126 576461271 34027
216 1714423204 574084 156 209 593768834 17307563
217 1714423204 574563 234 205 594097272 328438
218 1714423213 573966 136 258 602842451 8745179
219 1714423213 574415 141 117 602876455 34004
220 1714423214 574006 166 112 604276987 1400532
221 1714423215 574195 151 122 605100483 823496
222 1714423216 574459 205 234 605647215 546732
223 1714423221 574322 185 205 610816030 5168815
224 1714423221 575016 190 107 610907024 90994
225 1714423221 575607 200 170 611223037 316013
226 1714423222 574250 239 263 611553100 330063
227 1714423224 574021 136 122 613690507 2137407
228 1714423225 574239 112 117 615436306 1745799
229 1714423228 574290 107 361 617822600 2386294
230 1714423231 574018 195 112 620725373 2902773
231 1714423238 574287 185 166 627458421 6733048
232 1714423239 574254 234 249 629323536 1865115
233 1714423244 574249 117 112 633447917 4124381
234 1714423247 574233 224 195 636828206 3380289
235 1714423247 574981 117 195 637131710 303504
236 1714423248 573992 146 214 638013781 882071
237 1714423251 574256 122 151 640497273 2483492
238 1714423252 574287 234 146 642041637 1544364
239 1714423254 574271 107 200 643544389 1502752
240 1714423257 574312 190 117 646795465 3251076
241 1714423259 573937 200 190 649209916 2414451
242 1714423259 574426 175 205 649339958 130042
243 1714423261 574033 131 126 650418411 1078453
244 1714423267 573844 175 180 656816705 6398294
245 1714423270 574287 249 190 659818643 3001938
246 1714423271 574000 209 112 660753681 935038
247 1714423272 574459 166 107 661445075 691394
248 1714423276 574592 205 151 665581379 4136304
249 1714423279 575115 249 229 668549824 2968445
250 1714423280 574194 126 126 670186029 1636205
251 1714423281 574234 170 112 670790363 604334
252 1714423281 582963 175 141 671100368 310005
253 1714423284 573974 136 229 673662873 2562505
254 1714423284 574479 195 107 674070330 407457
255 1714423289 573995 126 136 678886094 4815764
256 1714423294 575186 175 195 683675705 4789611
257 1714423296 574331 126 112 685977747 2302042
258 1714423299 574195 126 117 688485948 2508201
259 1714423299 574938 224 117 689092488 606540
260 1714423302 574250 112 200 691544126 2451638
261 1714423302 575023 107 126 691633010 88884
262 1714423302 575551 190 195 691781742 148732
263 1714423306 574129 161 107 695785090 4003348
264 1714423306 574576 190 151 696218824 433734
265 1714423309 573929 122 112 699210665 2991841
266 1714423314 574347 117 107 703965152 4754487
267 1714423316 574126 107 234 705753507 1788355
268 1714423316 574779 214 190 705973130 219623
269 1714423317 574212 131 117 706472100 498970
270 1714423322 574105 136 112 711997452 5525352
271 1714423323 575262 112 107 712996116 998664
272 1714423327 573914 136 122 716970349 3974233
273 1714423328 573906 107 112 717995775 1025426
274 1714423332 575047 166 166 722218206 4222431
275 1714423338 574365 288 322 727912440 5694234
276 1714423339 574323 126 244 729068135 1155695
277 1714423351 573925 107 136 740715589 11647454
278 1714423353 575304 107 170 743260301 2544712
279 1714423355 575316 224 170 744942016 1681715
280 1714423362 574152 107 166 752223663 7281647
281 1714423365 574146 126 200 754608297 2384634
282 1714423369 574192 180 200 758585715 3977418
283 1714423371 575632 156 136 760471494 1885779
284 1714423374 574597 107 117 763950857 3479363
285 1714423380 588135 131 107 770180464 6229607
286 1714423381 574242 112 131 770326622 146158
287 1714423381 574946 292 136 770850565 523943
288 1714423382 574325 107 107 771245120 394555
289 1714423382 575037 283 258 771909226 664106
290 1714423383 574337 136 156 773187474 1278248
291 1714423385 574121 180 166 775032896 1845422
292 1714423386 573937 126 107 775757144 724248
293 1714423389 574194 107 126 778959675 3202531
294 1714423390 574235 161 209 780021191 1061516
295 1714423391 574243 131 126 780659559 638368
296 1714423392 575098 214 244 781541571 882012
297 1714423392 575615 122 117 782125433 583862
298 1714423394 575330 185 136 783636542 1511109
299 1714423396 576259 107 126 785255073 1618531
300 1714423396 576975 288 170 785423478 168405
301 1714423397 574708 175 190 786231331 807853
302 1714423398 574630 161 175 787352240 1120909
303 1714423399 574618 122 107 788423333 1071093
304 1714423400 574573 126 214 789494869 1071536
305 1714423403 574104 136 107 792426636 2931767
306 1714423406 574402 151 126 795757973 3331337
307 1714423408 574759 107 107 797392208 1634235
308 1714423410 574542 175 170 799829781 2437573
309 1714423411 575439 166 185 800719887 890106
310 1714423413 574764 131 131 802619447 1899560
311 1714423414 574478 151 200 803395960 776513
312 1714423414 574978 200 180 803441388 45428
313 1714423414 575356 146 122 803647279 205891
314 1714423415 575149 136 151 804302072 654793
315 1714423416 574991 166 112 805640351 1338279
316 1714423416 576076 107 185 806167359 527008
317 1714423418 574885 195 107 807337910 1170551
318 1714423418 575689 122 190 807591907 253997
319 1714423418 575898 195 122 807677548 85641
320 1714423422 574139 107 112 811846158 4168610
321 1714423427 574551 122 107 816614755 4768597
322 1714423428 574639 161 239 817780747 1165992
323 1714423430 574311 122 166 819599056 1818309
324 1714423430 574847 190 156 819642134 43078
325 1714423432 574670 136 117 821623040 1980906
326 1714423433 574672 268 361 822729896 1106856
327 1714423435 574381 131 185 824785201 2055305
328 1714423436 574458 131 112 825309331 524130
329 1714423441 574459 136 141 830613495 5304164
330 1714423444 574316 156 161 833806380 3192885
331 1714423447 574898 126 122 836153970 2347590
332 1714423448 574643 268 205 837162800 1008830
333 1714423453 574249 156 224 842389595 5226795
334 1714423453 575815 126 112 842878242 488647
335 1714423455 573799 156 117 844818793 1940551
336 1714423456 574295 126 112 845672433 853640
337 1714423459 575162 151 117 848562085 2889652
338 1714423461 574651 156 161 850556284 1994199
339 1714423463 575255 156 107 852413540 1857256
340 1714423463 581979 126 180 853115557 702017
341 1714423465 574180 107 107 854553627 1438070
342 1714423469 574573 141 239 858186627 3633000
343 1714423469 576620 205 107 858994473 807846
344 1714423472 574245 122 214 861467605 2473132
345 1714423474 574101 141 112 863145149 1677544
346 1714423479 573856 200 156 868670917 5525768
347 1714423481 575167 107 224 870600666 1929749
348 1714423482 575125 117 126 871364437 763771
349 1714423488 574043 126 122 877213231 5848794
350 1714423490 573877 229 156 879103004 1889773
351 1714423490 574597 205 224 879574854 471850
352 1714423491 573899 209 156 880614331 1039477
353 1714423492 575077 166 122 881077875 463544
354 1714423492 575722 126 131 881223244 145369
355 1714423492 576156 224 126 881487493 264249
356 1714423496 575503 185 117 885077110 3589617
357 1714423496 576183 200 263 885643754 566644
358 1714423497 574851 219 141 886893325 1249571
359 1714423497 575264 136 107 887057753 164428
360 1714423498 574800 190 122 887209268 151515
361 1714423500 573811 117 136 890004525 2795257
362 1714423502 574167 200 229 891064105 1059580
363 1714423506 574929 156 131 895575451 4511346
364 1714423506 575402 112 351 895683733 108282
365 1714423509 573773 229 195 898138859 2455126
366 1714423511 575109 122 112 900665895 2527036
367 1714423512 575392 141 166 901376210 710315
368 1714423520 575149 180 249 909329824 7953614
369 1714423520 575940 122 185 909700185 370361
370 1714423521 574711 161 161 910591279 891094
371 1714423523 574048 112 126 912934356 2343077
372 1714423528 575464 156 239 917724565 4790209
373 1714423530 575055 209 112 919416896 1692331
374 1714423535 575145 141 122 924919861 5502965
375 1714423548 574618 136 141 937453253 12533392
376 1714423550 576309 131 141 939027613 1574360
377 1714423551 575141 151 107 940551793 1524180
378 1714423554 576033 175 205 943309547 2757754
379 1714423555 574753 185 107 944068701 759154
380 1714423556 577088 107 151 945785454 1716753
381 1714423557 575994 205 107 946847130 1061676
382 1714423558 575642 126 131 947283120 435990
383 1714423559 580246 170 117 948615220 1332100
384 1714423562 573884 209 170 951205402 2590182
385 1714423562 574599 107 126 951933983 728581
386 1714423565 575690 126 146 953991728 2057745
387 1714423565 576395 175 107 954227469 235741
388 1714423567 575735 249 283 956587671 2360202
389 1714423567 576432 107 112 956648392 60721
390 1714423569 575808 180 151 958332379 1683987
391 1714423572 574006 117 107 961238111 2905732
392 1714423579 575009 122 122 968811010 7572899
393 1714423580 575603 190 107 969089753 278743
394 1714423593 575514 161 141 982076627 12986874
395 1714423593 576017 151 131 982481176 404549
396 1714423599 574530 214 185 988428765 5947589
397 1714423601 575556 122 131 990603951 2175186
398 1714423604 576000 136 151 993099057 2495106
399 1714423605 581740 166 112 994896441 1797384
400 1714423606 574462 200 112 995417407 520966
401 1714423607 574488 126 190 995931593 514186
402 1714423608 574501 112 122 997735680 1804087
403 1714423609 574259 161 112 997949051 213371
404 1714423609 574763 146 131 998458047 508996
405 1714423614 575623 122 107 1003431219 4973172
406 1714423615 574187 146 175 1004727711 1296492
407 1714423617 574469 136 141 1005894843 1167132
408 1714423618 575646 156 126 1006894763 999920
409 1714423619 574774 166 107 1008671279 1776516
410 1714423621 574528 195 200 1010079512 1408233
411 1714423621 575280 136 146 1010230327 150815
412 1714423621 575731 126 219 1010339790 109463
413 1714423621 576165 268 219 1010468478 128688
414 1714423624 575722 122 151 1013058702 2590224
415 1714423624 576499 180 185 1013332378 273676
416 1714423624 576971 122 141 1013445043 112665
417 1714423628 576953 146 185 1017303622 3858579
418 1714423630 574485 229 224 1019666854 2363232
419 1714423635 574448 180 156 1024206738 4539884
420 1714423644 574502 180 126 1032995143 8788405
421 1714423653 574489 219 107 1041969529 8974386
422 1714423653 575211 170 170 1042060226 90697
423 1714423654 575864 112 112 1043069162 1008936
424 1714423655 574625 205 136 1044314807 1245645
425 1714423655 575278 141 166 1044392733 77926
426 1714423670 575807 136 112 1059634485 15241752
427 1714423671 575654 117 117 1059886973 252488
428 1714423674 575653 136 185 1062984541 3097568
429 1714423674 576396 117 141 1063244633 260092
430 1714423677 576013 170 107 1066383259 3138626
431 1714423679 574197 126 112 1068230798 1847539
432 1714423681 574260 131 170 1070201495 1970697
433 1714423681 574798 146 161 1070241336 39841
434 1714423688 574095 141 112 1077009008 6767672
435 1714423696 574760 112 258 1085746941 8737933
436 1714423699 576484 122 151 1088425584 2678643
437 1714423703 574142 219 166 1092225020 3799436
438 1714423706 574201 151 161 1095666100 3441080
439 1714423709 574563 107 112 1098254479 2588379
440 1714423714 575479 141 166 1103168619 4914140
441 1714423714 576492 185 209 1103301019 132400
442 1714423715 575708 122 385 1103931230 630211
443 1714423722 575677 234 136 1111014465 7083235
444 1714423722 576385 107 122 1111456048 441583
445 1714423723 575567 131 107 1112432206 976158
446 1714423727 575813 122 161 1116420082 3987876
447 1714423734 575999 107 151 1122917057 6496975
448 1714423740 574426 141 112 1128779169 5862112
449 1714423740 575114 112 117 1129617648 838479
450 1714423742 575882 122 117 1131008891 1391243
451 1714423744 576263 107 151 1133358868 2349977
452 1714423745 574402 131 107 1133707456 348588
453 1714423750 575618 141 112 1139352946 5645490
454 1714423752 576169 175 146 1140735926 1382980
455 1714423752 576822 112 151 1141473125 737199
456 1714423755 575902 219 200 1144348992 2875867
457 1714423759 576120 200 180 1147736799 3387807
458 1714423759 576845 136 180 1148256296 519497
459 1714423759 577302 107 112 1148510711 254415
460 1714423764 575429 185 112 1152985261 4474550
461 1714423764 576259 195 112 1153067965 82704
462 1714423767 575597 190 229 1156099406 3031441
463 1714423768 574373 122 209 1157521274 1421868
464 1714423771 575333 117 195 1160469460 2948186
465 1714423792 575847 156 122 1181001016 20531556
466 1714423792 576568 107 112 1181237242 236226
467 1714423800 575343 131 122 1189176210 7938968
468 1714423803 575475 122 107 1192002901 2826691
469 1714423804 575672 190 180 1193548791 1545890
470 1714423808 575349 122 107 1196848531 3299740
471 1714423811 575266 117 112 1200427140 3578609
472 1714423814 575875 107 117 1203340684 2913544
473 1714423819 576229 131 190 1208505085 5164401
474 1714423837 575953 126 122 1225685824 17180739
475 1714423841 575521 239 185 1229826627 4140803
476 1714423841 576266 146 117 1230018820 192193
477 1714423843 575444 185 122 1231548675 1529855
478 1714423843 576152 122 156 1231937047 388372
479 1714423843 576609 131 117 1232367499 430452
480 1714423844 575391 185 273 1232566009 198510
481 1714423847 575915 131 141 1235843834 3277825
482 1714423851 575207 195 141 1239782147 3938313
483 1714423851 575731 209 166 1240344795 562648
484 1714423854 576680 234 224 1242973632 2628837
485 1714423857 576125 219 131 1246313675 3340043
486 1714423863 575491 112 146 1251844064 5530389
487 1714423867 574705 185 190 1256227494 4383430
488 1714423869 575964 112 122 1257737389 1509895
489 1714423873 575948 151 180 1261872570 4135181
490 1714423873 576677 190 205 1262385350 512780
491 1714423880 576536 205 273 1269380416 6995066
492 1714423884 575828 258 112 1272551858 3171442
493 1714423895 575767 117 107 1283461410 10909552
494 1714423898 575631 200 151 1286799785 3338375
495 1714423902 576558 185 122 1290542473 3742688
496 1714423902 577357 263 107 1290918339 375866
497 1714423903 575973 180 107 1292019792 1101453
498 1714423907 576367 166 146 1295570341 3550549
499 1714423907 577059 122 278 1295658759 88418
500 1714423909 576266 136 117 1297798389 2139630
501 1714423918 576062 107 161 1306509534 8711145
502 1714423922 575878 224 161 1310772877 4263343
503 1714423923 575767 219 190 1311769210 996333
504 1714423924 576038 239 224 1313203465 1434255
505 1714423927 576292 117 175 1315940284 2736819
506 1714423930 575881 205 224 1318570648 2630364
507 1714423932 575992 146 136 1320877364 2306716
508 1714423932 576463 107 239 1321357939 480575
509 1714423934 575697 166 107 1323290298 1932359
510 1714423936 576641 107 112 1325232020 1941722
511 1714423937 576061 117 156 1325542188 310168
512 1714423937 576783 219 219 1326225068 682880
513 1714423942 578756 249 185 1331081095 4856027
514 1714423943 575658 146 239 1331714791 633696
515 1714423944 576282 112 141 1332392009 677218
516 1714423951 576591 112 126 1339878200 7486191
517 1714423954 575453 244 185 1343259756 3381556
518 1714423955 576128 112 112 1343865233 605477
519 1714423963 575670 170 166 1351942114 8076881
520 1714423970 575889 200 224 1358403943 6461829
521 1714423972 575728 117 180 1360689742 2285799
522 1714423975 576375 268 175 1364311733 3621991
523 1714423976 576690 258 107 1364798398 486665
524 1714423977 576632 185 205 1365846768 1048370
525 1714423981 576471 209 244 1369464359 3617591
526 1714423983 575830 185 180 1371609565 2145206
527 1714423990 576502 214 112 1378541867 6932302
528 1714423991 576249 205 214 1379385680 843813
529 1714423992 575953 175 185 1380316210 930530
530 1714423993 575732 112 112 1381768633 1452423
531 1714423996 576127 117 180 1385092205 3323572
532 1714424004 575930 200 166 1392862451 7770246
533 1714424004 576755 126 107 1393268236 405785
534 1714424007 576416 136 195 1396269901 3001665
535 1714424011 576114 122 112 1399712886 3442985
536 1714424011 576887 156 244 1399964944 252058
537 1714424016 576118 166 146 1404334939 4369995
538 1714424016 576861 126 161 1404668105 333166
539 1714424019 575932 170 161 1407574906 2906801
540 1714424021 576540 117 156 1409346627 1771721
541 1714424021 577297 175 166 1409688838 342211
542 1714424022 576780 141 112 1411095250 1406412
543 1714424023 576002 126 234 1411665710 570460
544 1714424023 576589 161 131 1411826320 160610
545 1714424023 576929 107 161 1411973711 147391
546 1714424030 576191 107 126 1418359969 6386258
547 1714424032 575860 180 141 1420578210 2218241
548 1714424041 576725 126 112 1429483824 8905614
549 1714424046 576848 122 107 1434717271 5233447
550 1714424047 575961 151 112 1436120896 1403625
551 1714424050 575944 151 146 1438233802 2112906
552 1714424050 576961 214 209 1438434538 200736
553 1714424051 576243 297 195 1439915173 1480635
554 1714424052 575667 185 224 1440383219 468046
555 1714424052 576130 107 117 1441114688 731469
556 1714424056 576076 107 117 1445088140 3973452
557 1714424057 575899 112 126 1445901325 813185
558 1714424058 576499 107 161 1447098598 1197273
559 1714424066 575905 107 170 1454959240 7860642
560 1714424068 589869 117 112 1456444564 1485324
561 1714424069 585664 122 205 1458175641 1731077
562 1714424070 576604 131 122 1458905116 729475
563 1714424071 576465 170 161 1459616272 711156
564 1714424072 576238 107 126 1460763474 1147202
565 1714424073 576708 253 214 1461797614 1034140
566 1714424077 576426 107 107 1465257553 3459939
567 1714424079 576787 268 170 1467388273 2130720
568 1714424080 576781 185 195 1468991969 1603696
569 1714424081 576989 122 180 1469399754 407785
570 1714424084 575860 141 107 1472398336 2998582
571 1714424085 576717 214 136 1473568754 1170418
572 1714424087 575729 166 166 1475779490 2210736
573 1714424090 576543 180 263 1478522176 2742686
574 1714424090 577293 180 166 1478843589 321413
575 1714424095 576405 107 112 1483559838 4716249
576 1714424096 576186 200 297 1484179724 619886
577 1714424096 576894 278 224 1484700394 520670
578 1714424099 576691 190 107 1487583422 2883028
579 1714424100 576666 209 200 1488734501 1151079
580 1714424102 576510 146 126 1490484055 1749554
581 1714424111 576894 151 107 1499551327 9067272
582 1714424114 576519 112 141 1502268575 2717248
583 1714424115 576901 185 195 1503385802 1117227
584 1714424121 575972 117 151 1509801080 6415278
585 1714424123 575894 107 112 1511631658 1830578
586 1714424130 575955 122 107 1518661778 7030120
587 1714424132 576860 107 107 1520540220 1878442
588 1714424134 576611 112 112 1522581397 2041177
589 1714424136 576478 195 156 1524442901 1861504
590 1714424151 576545 170 107 1540011346 15568445
591 1714424157 576947 107 170 1546020525 6009179
592 1714424159 576359 190 161 1547635392 1614867
593 1714424160 576353 117 107 1548129607 494215
594 1714424163 576485 122 126 1551778148 3648541
595 1714424165 576429 209 126 1553539315 1761167
596 1714424165 577243 112 107 1553643672 104357
597 1714424169 576378 107 131 1557410254 3766582
598 1714424169 577116 112 146 1557591557 181303
599 1714424173 576815 122 117 1561666042 4074485
600 1714424173 577530 122 156 1561733632 67590
601 1714424173 577986 185 175 1561984680 251048
602 1714424177 576367 151 185 1565165114 3180434
603 1714424178 575597 146 112 1566257675 1092561
604 1714424180 576159 200 112 1568423054 2165379
605 1714424180 576894 200 224 1568936411 513357
606 1714424184 576797 122 117 1572174277 3237866
607 1714424185 576911 151 131 1573913929 1739652
608 1714424194 577867 126 146 1582379116 8465187
609 1714424195 575917 141 117 1583646892 1267776
610 1714424203 577157 175 185 1591117363 7470471
611 1714424206 576555 161 175 1594158532 3041169
612 1714424207 575797 122 190 1595426330 1267798
613 1714424207 576528 249 122 1595593478 167148
614 1714424207 576985 175 170 1595718868 125390
615 1714424209 578480 151 136 1597069907 1351039
616 1714424209 579134 146 107 1597491899 421992
617 1714424213 577943 239 224 1601750152 4258253
618 1714424218 577394 126 170 1606419704 4669552
619 1714424221 575698 126 117 1609528517 3108813
620 1714424221 576405 185 156 1609802979 274462
621 1714424222 577276 288 156 1610703502 900523
622 1714424224 577937 136 166 1612232974 1529472
623 1714424225 575438 190 117 1613492516 1259542
624 1714424226 578013 166 126 1614750996 1258480
