1, 1712678553, 596471, 774.0
2, 1712678554, 646853, 632.0
3, 1712678555, 697007, 624.0
4, 1712678556, 723130, 128.0
5, 1712678557, 724197, 95.0
6, 1712678558, 724130, 807.0
7, 1712678559, 723002, 830.0
8, 1712678560, 723044, 700.0
9, 1712678561, 723055, 479.0
10, 1712678562, 723045, 193.0
11, 1712678563, 724056, 450.0
12, 1712678564, 723132, 608.0
13, 1712678565, 723061, 598.0
14, 1712678566, 723063, 228.0
15, 1712678567, 723051, 986.0
16, 1712678568, 723093, 80.0
17, 1712678569, 724326, 93.0
18, 1712678570, 722379, 63.0
19, 1712678571, 723204, 47.0
20, 1712678572, 723130, 282.0
21, 1712678573, 723138, 644.0
22, 1712678574, 723138, 45.0
23, 1712678575, 610528, 140.0
24, 1712678576, 724205, 191.0
25, 1712678577, 722939, 445.0
26, 1712678578, 723850, 27.0
27, 1712678579, 722489, 303.0
28, 1712678580, 723210, 991.0
29, 1712678581, 723269, 103.0
30, 1712678582, 723365, 962.0
31, 1712678583, 723269, 93.0
32, 1712678584, 723297, 842.0
33, 1712678585, 723227, 3.0
34, 1712678586, 723278, 501.0
35, 1712678587, 723268, 563.0
36, 1712678588, 723285, 400.0
37, 1712678589, 723326, 524.0
38, 1712678590, 723333, 622.0
39, 1712678591, 723342, 212.0
40, 1712678592, 723328, 65.0
41, 1712678593, 723398, 164.0
42, 1712678594, 723504, 35.0
43, 1712678595, 723410, 259.0
44, 1712678596, 723381, 936.0
45, 1712678597, 723453, 458.0
46, 1712678598, 723541, 952.0
47, 1712678599, 723430, 827.0
48, 1712678600, 723448, 157.0
49, 1712678601, 723309, 605.0
50, 1712678602, 722337, 519.0
51, 1712678603, 727102, 747.0
52, 1712678605, 720020, 335.0
53, 1712678606, 719313, 930.0
54, 1712678607, 718618, 120.0
55, 1712678608, 718011, 415.0
56, 1712678609, 717364, 81.0
57, 1712678610, 716916, 612.0
58, 1712678611, 716382, 326.0
59, 1712678612, 715918, 122.0
60, 1712678613, 715473, 392.0
61, 1712678614, 715039, 298.0
62, 1712678615, 714639, 180.0
63, 1712678616, 714255, 698.0
64, 1712678617, 713876, 388.0
65, 1712678618, 713442, 961.0
66, 1712678619, 713287, 812.0
67, 1712678620, 712990, 213.0
68, 1712678621, 712733, 879.0
69, 1712678622, 713023, 688.0
70, 1712678623, 712773, 724.0
71, 1712678624, 712516, 168.0
72, 1712678625, 711769, 755.0
73, 1712678626, 711088, 952.0
74, 1712678627, 711470, 108.0
75, 1712678628, 711215, 834.0
76, 1712678629, 711678, 667.0
77, 1712678630, 710970, 685.0
78, 1712678631, 710808, 724.0
79, 1712678632, 710757, 214.0
80, 1712678633, 710692, 398.0
81, 1712678634, 710602, 968.0
82, 1712678635, 710565, 434.0
83, 1712678636, 710366, 405.0
84, 1712678637, 709902, 790.0
85, 1712678638, 710839, 614.0
86, 1712678639, 710052, 855.0
87, 1712678640, 709852, 73.0
88, 1712678641, 710037, 471.0
89, 1712678642, 709968, 505.0
90, 1712678643, 710320, 609.0
91, 1712678644, 709893, 814.0
92, 1712678645, 709551, 525.0
93, 1712678646, 709753, 655.0
94, 1712678647, 708555, 303.0
95, 1712678648, 709905, 537.0
96, 1712678649, 709588, 190.0
97, 1712678650, 709426, 704.0
98, 1712678651, 709669, 337.0
99, 1712678652, 709817, 266.0
100, 1712678653, 709551, 925.0
101, 1712678654, 709296, 192.0
102, 1712678655, 709029, 78.0
103, 1712678656, 709415, 158.0
104, 1712678657, 709058, 494.0
105, 1712678658, 709429, 277.0
106, 1712678659, 708997, 780.0
107, 1712678660, 709403, 851.0
108, 1712678661, 708860, 110.0
109, 1712678662, 709383, 166.0
110, 1712678663, 709210, 143.0
111, 1712678664, 709059, 222.0
112, 1712678665, 709239, 641.0
113, 1712678666, 709260, 870.0
114, 1712678667, 709231, 117.0
115, 1712678668, 709707, 890.0
116, 1712678669, 709239, 137.0
117, 1712678670, 708967, 921.0
118, 1712678671, 709282, 246.0
119, 1712678672, 708946, 397.0
120, 1712678673, 709306, 502.0
121, 1712678674, 708863, 362.0
122, 1712678675, 708419, 759.0
123, 1712678676, 708397, 189.0
124, 1712678677, 708919, 407.0
125, 1712678678, 709289, 378.0
126, 1712678679, 708708, 646.0
127, 1712678680, 708842, 474.0
128, 1712678681, 708842, 700.0
129, 1712678682, 709599, 742.0
130, 1712678683, 709269, 122.0
131, 1712678684, 708858, 567.0
132, 1712678685, 708685, 932.0
133, 1712678686, 709242, 39.0
134, 1712678687, 709213, 155.0
135, 1712678688, 709093, 845.0
136, 1712678689, 708976, 605.0
137, 1712678690, 709109, 101.0
138, 1712678691, 709321, 900.0
139, 1712678692, 709048, 281.0
140, 1712678693, 709300, 309.0
141, 1712678694, 709082, 88.0
142, 1712678695, 709332, 776.0
143, 1712678696, 709162, 848.0
144, 1712678697, 708835, 870.0
145, 1712678698, 708666, 216.0
146, 1712678699, 708912, 194.0
147, 1712678700, 708933, 473.0
148, 1712678701, 709125, 461.0
149, 1712678702, 708657, 843.0
150, 1712678703, 709131, 824.0
151, 1712678704, 708571, 342.0
152, 1712678705, 708586, 138.0
153, 1712678706, 709069, 622.0
154, 1712678707, 708815, 928.0
155, 1712678708, 708664, 982.0
156, 1712678709, 709416, 185.0
157, 1712678710, 708051, 656.0
158, 1712678711, 709362, 647.0
159, 1712678712, 708513, 43.0
160, 1712678713, 709249, 824.0
161, 1712678714, 709477, 870.0
162, 1712678715, 708871, 994.0
163, 1712678716, 708912, 458.0
164, 1712678717, 709426, 607.0
165, 1712678718, 708789, 312.0
166, 1712678719, 709518, 586.0
167, 1712678720, 708649, 564.0
168, 1712678721, 709356, 114.0
169, 1712678722, 709015, 124.0
170, 1712678723, 708186, 984.0
171, 1712678724, 708945, 879.0
172, 1712678725, 708569, 146.0
173, 1712678726, 708528, 684.0
174, 1712678727, 708269, 688.0
175, 1712678728, 708946, 814.0
176, 1712678729, 709142, 769.0
177, 1712678730, 707876, 521.0
178, 1712678731, 708536, 196.0
179, 1712678732, 708790, 925.0
180, 1712678733, 708599, 241.0
181, 1712678734, 709164, 135.0
182, 1712678735, 708773, 119.0
183, 1712678736, 708613, 50.0
184, 1712678737, 708901, 108.0
185, 1712678738, 708807, 827.0
186, 1712678739, 708852, 486.0
187, 1712678740, 708655, 51.0
188, 1712678741, 709001, 40.0
189, 1712678742, 708541, 964.0
190, 1712678743, 708995, 444.0
191, 1712678744, 709445, 432.0
192, 1712678745, 708635, 545.0
193, 1712678746, 709412, 631.0
194, 1712678747, 709173, 930.0
195, 1712678748, 709475, 778.0
196, 1712678749, 709326, 242.0
197, 1712678750, 708661, 877.0
198, 1712678751, 709315, 26.0
199, 1712678752, 708593, 914.0
200, 1712678753, 708800, 807.0
201, 1712678754, 709028, 228.0
202, 1712678755, 708958, 701.0
203, 1712678756, 709457, 574.0
204, 1712678757, 708627, 233.0
205, 1712678758, 708665, 281.0
206, 1712678759, 708410, 709.0
207, 1712678760, 708509, 880.0
208, 1712678761, 709461, 290.0
209, 1712678762, 708559, 249.0
210, 1712678763, 709103, 130.0
211, 1712678764, 708123, 53.0
212, 1712678765, 709352, 209.0
213, 1712678766, 709041, 381.0
214, 1712678767, 709362, 939.0
215, 1712678768, 709258, 242.0
216, 1712678769, 709295, 239.0
217, 1712678770, 709038, 602.0
218, 1712678771, 708911, 982.0
219, 1712678772, 709262, 886.0
220, 1712678773, 709266, 812.0
221, 1712678774, 709445, 335.0
222, 1712678775, 708600, 100.0
223, 1712678776, 715512, 98.0
224, 1712678778, 708148, 605.0
225, 1712678779, 709235, 890.0
226, 1712678780, 708720, 645.0
227, 1712678781, 708661, 33.0
228, 1712678782, 708628, 199.0
229, 1712678783, 708581, 569.0
230, 1712678784, 709434, 138.0
231, 1712678785, 708859, 73.0
232, 1712678786, 708555, 180.0
233, 1712678787, 708791, 354.0
234, 1712678788, 707674, 972.0
235, 1712678789, 709298, 219.0
236, 1712678790, 709478, 697.0
237, 1712678791, 708766, 473.0
238, 1712678792, 708904, 287.0
239, 1712678793, 708751, 623.0
240, 1712678794, 708832, 232.0
241, 1712678795, 708662, 87.0
242, 1712678796, 708685, 814.0
243, 1712678797, 709310, 223.0
244, 1712678798, 708751, 143.0
245, 1712678799, 708760, 879.0
246, 1712678800, 708240, 704.0
247, 1712678801, 709401, 678.0
248, 1712678802, 708078, 886.0
249, 1712678803, 708599, 565.0
250, 1712678804, 709262, 412.0
251, 1712678805, 708262, 952.0
252, 1712678806, 708752, 108.0
253, 1712678807, 708981, 257.0
254, 1712678808, 708461, 459.0
255, 1712678809, 709022, 505.0
256, 1712678810, 708869, 798.0
257, 1712678811, 708249, 990.0
258, 1712678812, 709388, 230.0
259, 1712678813, 709345, 17.0
260, 1712678814, 709510, 34.0
261, 1712678815, 708666, 609.0
262, 1712678816, 709306, 648.0
263, 1712678817, 708559, 706.0
264, 1712678818, 709489, 68.0
265, 1712678819, 709100, 557.0
266, 1712678820, 709377, 723.0
267, 1712678821, 709058, 117.0
268, 1712678822, 709454, 215.0
269, 1712678823, 709196, 695.0
270, 1712678824, 707911, 2.0
271, 1712678825, 709168, 461.0
272, 1712678826, 709015, 836.0
273, 1712678827, 709347, 554.0
274, 1712678828, 709505, 569.0
275, 1712678829, 709312, 99.0
276, 1712678830, 708620, 15.0
277, 1712678831, 708745, 148.0
278, 1712678832, 708790, 840.0
279, 1712678833, 709220, 907.0
280, 1712678834, 709503, 507.0
281, 1712678835, 709251, 783.0
282, 1712678836, 708068, 865.0
283, 1712678837, 708770, 437.0
284, 1712678838, 708835, 479.0
285, 1712678839, 708364, 648.0
286, 1712678840, 708693, 867.0
287, 1712678841, 709002, 685.0
288, 1712678842, 709164, 624.0
289, 1712678843, 709093, 408.0
290, 1712678844, 708980, 701.0
291, 1712678845, 708211, 668.0
292, 1712678846, 708701, 684.0
293, 1712678847, 708081, 220.0
294, 1712678848, 709473, 38.0
295, 1712678849, 708874, 746.0
296, 1712678850, 708935, 610.0
297, 1712678851, 708759, 648.0
298, 1712678852, 708701, 187.0
299, 1712678853, 709242, 424.0
300, 1712678854, 709225, 357.0
301, 1712678855, 708758, 481.0
302, 1712678856, 709235, 272.0
303, 1712678857, 709178, 594.0
304, 1712678858, 709199, 959.0
305, 1712678859, 708703, 864.0
306, 1712678860, 709461, 590.0
307, 1712678861, 709002, 653.0
308, 1712678862, 708197, 198.0
309, 1712678863, 709079, 809.0
310, 1712678864, 708682, 775.0
311, 1712678865, 708800, 379.0
312, 1712678866, 708473, 318.0
313, 1712678867, 708707, 79.0
314, 1712678868, 708779, 524.0
315, 1712678869, 708921, 686.0
316, 1712678870, 709429, 311.0
317, 1712678871, 708506, 43.0
318, 1712678872, 709326, 189.0
319, 1712678873, 709352, 21.0
320, 1712678874, 708613, 630.0
321, 1712678875, 708300, 559.0
322, 1712678876, 708501, 730.0
323, 1712678877, 709031, 438.0
324, 1712678878, 708317, 41.0
325, 1712678879, 708811, 42.0
326, 1712678880, 708645, 935.0
327, 1712678881, 709213, 656.0
328, 1712678882, 709425, 53.0
329, 1712678883, 708873, 613.0
330, 1712678884, 708548, 457.0
331, 1712678885, 708173, 458.0
332, 1712678886, 708783, 34.0
333, 1712678887, 708524, 806.0
334, 1712678888, 709352, 850.0
335, 1712678889, 708553, 260.0
336, 1712678890, 708536, 980.0
337, 1712678891, 709185, 673.0
338, 1712678892, 708904, 913.0
339, 1712678893, 708531, 611.0
340, 1712678894, 709388, 969.0
341, 1712678895, 709325, 589.0
342, 1712678896, 708124, 822.0
343, 1712678897, 708853, 35.0
344, 1712678898, 709245, 487.0
345, 1712678899, 708576, 923.0
346, 1712678900, 709468, 570.0
347, 1712678901, 709134, 756.0
348, 1712678902, 708714, 696.0
349, 1712678903, 709314, 194.0
350, 1712678904, 709298, 375.0
351, 1712678905, 708919, 242.0
352, 1712678906, 708565, 291.0
353, 1712678907, 709114, 551.0
354, 1712678908, 708662, 154.0
355, 1712678909, 708328, 869.0
356, 1712678910, 708943, 879.0
357, 1712678911, 708560, 880.0
358, 1712678912, 709053, 320.0
359, 1712678913, 709047, 567.0
360, 1712678914, 708600, 228.0
361, 1712678915, 709225, 344.0
362, 1712678916, 710400, 748.0
363, 1712678917, 709151, 969.0
364, 1712678918, 708678, 972.0
365, 1712678919, 709169, 675.0
366, 1712678920, 708620, 642.0
367, 1712678921, 709095, 873.0
368, 1712678922, 709154, 816.0
369, 1712678923, 708005, 862.0
370, 1712678924, 709450, 531.0
371, 1712678925, 708887, 510.0
372, 1712678926, 709100, 902.0
373, 1712678927, 708635, 163.0
374, 1712678928, 709015, 270.0
375, 1712678929, 708871, 191.0
376, 1712678930, 708880, 767.0
377, 1712678931, 709440, 367.0
378, 1712678932, 708812, 361.0
379, 1712678933, 708721, 335.0
380, 1712678934, 707983, 944.0
381, 1712678935, 709088, 860.0
382, 1712678936, 709485, 251.0
383, 1712678937, 709088, 254.0
384, 1712678938, 708613, 861.0
385, 1712678939, 709182, 783.0
386, 1712678940, 709242, 81.0
387, 1712678941, 708221, 97.0
388, 1712678942, 709187, 854.0
389, 1712678943, 709144, 842.0
390, 1712678944, 708218, 82.0
391, 1712678945, 708786, 421.0
392, 1712678946, 709461, 814.0
393, 1712678947, 708517, 199.0
394, 1712678948, 709037, 885.0
395, 1712678949, 708628, 446.0
396, 1712678950, 715342, 24.0
397, 1712678952, 708686, 199.0
398, 1712678953, 709186, 142.0
399, 1712678954, 708970, 282.0
400, 1712678955, 709136, 28.0
401, 1712678956, 709155, 821.0
402, 1712678957, 708956, 816.0
403, 1712678958, 708443, 366.0
404, 1712678959, 709095, 866.0
405, 1712678960, 708683, 776.0
406, 1712678961, 708801, 942.0
407, 1712678962, 708753, 167.0
408, 1712678963, 708773, 176.0
409, 1712678964, 709336, 426.0
410, 1712678965, 708958, 798.0
411, 1712678966, 708043, 706.0
412, 1712678967, 709325, 465.0
413, 1712678968, 709295, 196.0
414, 1712678969, 709151, 114.0
415, 1712678970, 708550, 732.0
416, 1712678971, 708890, 483.0
417, 1712678972, 709407, 733.0
418, 1712678973, 709266, 706.0
419, 1712678974, 708870, 199.0
420, 1712678975, 709474, 240.0
421, 1712678976, 709023, 169.0
422, 1712678977, 707488, 517.0
423, 1712678978, 708961, 768.0
424, 1712678979, 708848, 224.0
425, 1712678980, 708657, 645.0
426, 1712678981, 708617, 142.0
427, 1712678982, 709125, 443.0
428, 1712678983, 709259, 388.0
429, 1712678984, 707897, 103.0
430, 1712678985, 708599, 643.0
431, 1712678986, 708068, 916.0
432, 1712678987, 709228, 642.0
433, 1712678988, 708621, 290.0
434, 1712678989, 708398, 267.0
435, 1712678990, 708982, 670.0
436, 1712678991, 708756, 513.0
437, 1712678992, 708950, 548.0
438, 1712678993, 708645, 256.0
439, 1712678994, 708154, 394.0
440, 1712678995, 708703, 972.0
441, 1712678996, 708913, 806.0
442, 1712678997, 708621, 328.0
443, 1712678998, 708898, 268.0
444, 1712678999, 708419, 35.0
445, 1712679000, 707802, 727.0
446, 1712679001, 709241, 588.0
447, 1712679002, 709176, 491.0
448, 1712679003, 708543, 541.0
449, 1712679004, 708515, 10.0
450, 1712679005, 708846, 491.0
451, 1712679006, 708919, 368.0
452, 1712679007, 709178, 765.0
453, 1712679008, 709201, 778.0
454, 1712679009, 709088, 470.0
455, 1712679010, 708776, 872.0
456, 1712679011, 708588, 233.0
457, 1712679012, 708680, 939.0
458, 1712679013, 709398, 852.0
459, 1712679014, 708987, 813.0
460, 1712679015, 708592, 573.0
461, 1712679016, 709190, 838.0
462, 1712679017, 708245, 747.0
463, 1712679018, 709079, 778.0
464, 1712679019, 709314, 92.0
465, 1712679020, 708512, 504.0
466, 1712679021, 708613, 627.0
467, 1712679022, 708847, 823.0
468, 1712679023, 709149, 964.0
469, 1712679024, 708836, 77.0
470, 1712679025, 708793, 932.0
471, 1712679026, 708305, 238.0
472, 1712679027, 709342, 340.0
473, 1712679028, 708817, 724.0
474, 1712679029, 709276, 238.0
475, 1712679030, 708559, 725.0
476, 1712679031, 708613, 576.0
477, 1712679032, 708472, 364.0
478, 1712679033, 708235, 340.0
479, 1712679034, 709008, 735.0
480, 1712679035, 709193, 609.0
481, 1712679036, 708826, 138.0
482, 1712679037, 709120, 920.0
483, 1712679038, 708482, 337.0
484, 1712679039, 708701, 910.0
485, 1712679040, 708003, 591.0
486, 1712679041, 707829, 234.0
487, 1712679042, 709419, 606.0
488, 1712679043, 709244, 563.0
489, 1712679044, 708376, 714.0
490, 1712679045, 709220, 853.0
491, 1712679046, 709269, 551.0
492, 1712679047, 708401, 500.0
493, 1712679048, 708776, 43.0
494, 1712679049, 708581, 221.0
495, 1712679050, 709037, 248.0
496, 1712679051, 709383, 351.0
497, 1712679052, 708474, 735.0
498, 1712679053, 708753, 153.0
499, 1712679054, 708709, 385.0
500, 1712679055, 708767, 252.0
501, 1712679056, 707949, 348.0
502, 1712679057, 707783, 16.0
503, 1712679058, 708558, 429.0
504, 1712679059, 708791, 215.0
505, 1712679060, 709099, 148.0
506, 1712679061, 708290, 938.0
507, 1712679062, 708030, 403.0
508, 1712679063, 708575, 408.0
509, 1712679064, 709478, 496.0
510, 1712679065, 708464, 315.0
511, 1712679066, 708745, 474.0
512, 1712679067, 708992, 392.0
513, 1712679068, 708338, 510.0
514, 1712679069, 709075, 432.0
515, 1712679070, 708782, 732.0
516, 1712679071, 708701, 557.0
517, 1712679072, 709425, 269.0
518, 1712679073, 709204, 251.0
519, 1712679074, 708345, 793.0
520, 1712679075, 709012, 359.0
521, 1712679076, 708659, 283.0
522, 1712679077, 708742, 992.0
523, 1712679078, 709098, 452.0
524, 1712679079, 708901, 775.0
525, 1712679080, 708569, 174.0
526, 1712679081, 708458, 104.0
527, 1712679082, 709206, 446.0
528, 1712679083, 708828, 453.0
529, 1712679084, 709074, 289.0
530, 1712679085, 709363, 170.0
531, 1712679086, 708770, 398.0
532, 1712679087, 707885, 795.0
533, 1712679088, 708457, 683.0
534, 1712679089, 708871, 102.0
535, 1712679090, 708499, 483.0
536, 1712679091, 709326, 994.0
537, 1712679092, 709218, 879.0
538, 1712679093, 708623, 154.0
539, 1712679094, 708665, 80.0
540, 1712679095, 709189, 285.0
541, 1712679096, 708662, 276.0
542, 1712679097, 709048, 160.0
543, 1712679098, 709018, 859.0
544, 1712679099, 708631, 647.0
545, 1712679100, 707982, 453.0
546, 1712679101, 708786, 870.0
547, 1712679102, 709105, 500.0
548, 1712679103, 709338, 496.0
549, 1712679104, 709274, 589.0
550, 1712679105, 708815, 766.0
551, 1712679106, 708786, 358.0
552, 1712679107, 708199, 196.0
553, 1712679108, 709100, 860.0
554, 1712679109, 708878, 27.0
555, 1712679110, 709166, 992.0
556, 1712679111, 709095, 635.0
557, 1712679112, 709421, 984.0
558, 1712679113, 709037, 68.0
559, 1712679114, 708706, 60.0
560, 1712679115, 708612, 431.0
561, 1712679116, 709267, 527.0
562, 1712679117, 708585, 573.0
563, 1712679118, 708499, 929.0
564, 1712679119, 708370, 235.0
565, 1712679120, 708774, 165.0
566, 1712679121, 710139, 900.0
567, 1712679123, 708627, 937.0
568, 1712679124, 707444, 913.0
569, 1712679125, 709306, 515.0
570, 1712679126, 708101, 269.0
571, 1712679127, 709187, 819.0
572, 1712679128, 709322, 618.0
573, 1712679129, 709208, 843.0
574, 1712679130, 708606, 818.0
575, 1712679131, 708575, 113.0
576, 1712679132, 708086, 354.0
577, 1712679133, 708631, 986.0
578, 1712679134, 708220, 83.0
579, 1712679135, 709050, 551.0
580, 1712679136, 708954, 890.0
581, 1712679137, 709012, 814.0
582, 1712679138, 708922, 647.0
583, 1712679139, 709029, 19.0
584, 1712679140, 709314, 987.0
585, 1712679141, 708449, 472.0
586, 1712679142, 707911, 891.0
587, 1712679143, 709157, 355.0
588, 1712679144, 709058, 767.0
589, 1712679145, 709050, 341.0
590, 1712679146, 709098, 206.0
591, 1712679147, 709291, 318.0
592, 1712679148, 709398, 839.0
593, 1712679149, 708756, 467.0
594, 1712679150, 708706, 696.0
595, 1712679151, 708930, 340.0
596, 1712679152, 708945, 991.0
597, 1712679153, 709149, 180.0
598, 1712679154, 709121, 874.0
599, 1712679155, 709161, 683.0
600, 1712679156, 709148, 679.0
601, 1712679157, 709390, 883.0
602, 1712679158, 708389, 65.0
603, 1712679159, 708693, 289.0
604, 1712679160, 708666, 934.0
605, 1712679161, 708806, 587.0
606, 1712679162, 709223, 395.0
607, 1712679163, 709117, 393.0
608, 1712679164, 709211, 249.0
609, 1712679165, 709301, 897.0
610, 1712679166, 708528, 282.0
611, 1712679167, 709130, 501.0
612, 1712679168, 709130, 990.0
613, 1712679169, 709151, 703.0
614, 1712679170, 708579, 324.0
615, 1712679171, 708898, 292.0
616, 1712679172, 707770, 545.0
617, 1712679173, 709064, 816.0
618, 1712679174, 708370, 206.0
619, 1712679175, 708652, 804.0
620, 1712679176, 708644, 725.0
621, 1712679177, 708336, 215.0
622, 1712679178, 709349, 413.0
623, 1712679179, 708798, 115.0
624, 1712679180, 708620, 794.0
625, 1712679181, 708888, 504.0
626, 1712679182, 708797, 142.0
627, 1712679183, 709026, 942.0
628, 1712679184, 708583, 596.0
629, 1712679185, 708496, 225.0
630, 1712679186, 707551, 885.0
631, 1712679187, 708458, 899.0
632, 1712679188, 708505, 196.0
633, 1712679189, 708811, 212.0
634, 1712679190, 708906, 767.0
635, 1712679191, 709405, 944.0
636, 1712679192, 709059, 760.0
637, 1712679193, 708642, 206.0
638, 1712679194, 709223, 937.0
639, 1712679195, 708602, 842.0
640, 1712679196, 708512, 987.0
641, 1712679197, 708555, 396.0
642, 1712679198, 708828, 983.0
643, 1712679199, 709290, 807.0
644, 1712679200, 709402, 713.0
645, 1712679201, 709161, 41.0
646, 1712679202, 709134, 174.0
647, 1712679203, 707446, 293.0
648, 1712679204, 709146, 703.0
649, 1712679205, 708627, 896.0
650, 1712679206, 709082, 291.0
651, 1712679207, 709127, 895.0
652, 1712679208, 707791, 132.0
653, 1712679209, 709028, 120.0
654, 1712679210, 708561, 21.0
655, 1712679211, 707911, 953.0
656, 1712679212, 708845, 370.0
657, 1712679213, 708698, 799.0
658, 1712679214, 708998, 78.0
659, 1712679215, 708449, 588.0
660, 1712679216, 708568, 676.0
661, 1712679217, 708575, 916.0
662, 1712679218, 708338, 801.0
663, 1712679219, 707951, 796.0
664, 1712679220, 709192, 937.0
665, 1712679221, 708863, 25.0
666, 1712679222, 708683, 6.0
667, 1712679223, 708564, 744.0
668, 1712679224, 709029, 756.0
669, 1712679225, 708842, 836.0
670, 1712679226, 708030, 730.0
671, 1712679227, 708346, 961.0
672, 1712679228, 708805, 720.0
673, 1712679229, 709321, 629.0
674, 1712679230, 708858, 354.0
675, 1712679231, 709155, 499.0
676, 1712679232, 709125, 469.0
677, 1712679233, 708871, 105.0
678, 1712679234, 709008, 278.0
679, 1712679235, 708967, 444.0
680, 1712679236, 708654, 718.0
681, 1712679237, 709307, 698.0
682, 1712679238, 708868, 707.0
683, 1712679239, 709110, 411.0
684, 1712679240, 709043, 554.0
685, 1712679241, 707792, 331.0
686, 1712679242, 709207, 55.0
687, 1712679243, 709199, 24.0
688, 1712679244, 708484, 24.0
689, 1712679245, 709332, 774.0
690, 1712679246, 709048, 608.0
691, 1712679247, 709319, 824.0
692, 1712679248, 707994, 560.0
693, 1712679249, 708673, 234.0
694, 1712679250, 707839, 371.0
695, 1712679251, 709144, 345.0
696, 1712679252, 708722, 737.0
697, 1712679253, 709008, 35.0
698, 1712679254, 709100, 779.0
699, 1712679255, 708331, 134.0
700, 1712679256, 709249, 372.0
701, 1712679257, 708835, 311.0
702, 1712679258, 707680, 180.0
703, 1712679259, 709213, 520.0
704, 1712679260, 709110, 86.0
705, 1712679261, 708904, 294.0
706, 1712679262, 709419, 955.0
707, 1712679263, 709340, 44.0
708, 1712679264, 709133, 455.0
709, 1712679265, 708638, 275.0
710, 1712679266, 708848, 251.0
711, 1712679267, 708922, 424.0
712, 1712679268, 708411, 794.0
713, 1712679269, 708913, 85.0
714, 1712679270, 707875, 186.0
715, 1712679271, 708662, 941.0
716, 1712679272, 708303, 935.0
717, 1712679273, 709204, 790.0
718, 1712679274, 708730, 242.0
719, 1712679275, 708326, 671.0
720, 1712679276, 709050, 14.0
721, 1712679277, 708786, 386.0
722, 1712679278, 708498, 763.0
723, 1712679279, 708418, 534.0
724, 1712679280, 708580, 441.0
725, 1712679281, 708288, 67.0
726, 1712679282, 708765, 925.0
727, 1712679283, 708720, 251.0
728, 1712679284, 709255, 53.0
729, 1712679285, 709116, 602.0
730, 1712679286, 709008, 763.0
731, 1712679287, 707656, 711.0
732, 1712679288, 707935, 444.0
733, 1712679289, 708591, 282.0
734, 1712679290, 709244, 783.0
735, 1712679291, 708616, 511.0
736, 1712679292, 812646, 685.0
737, 1712679293, 708970, 909.0
738, 1712679294, 709391, 313.0
739, 1712679295, 709334, 966.0
740, 1712679297, 708656, 77.0
741, 1712679298, 708513, 560.0
742, 1712679299, 708486, 817.0
743, 1712679300, 708457, 889.0
744, 1712679301, 708853, 49.0
745, 1712679302, 708807, 147.0
746, 1712679303, 709167, 679.0
747, 1712679304, 708843, 723.0
748, 1712679305, 708911, 214.0
749, 1712679306, 708656, 173.0
750, 1712679307, 708836, 369.0
751, 1712679308, 709112, 493.0
752, 1712679309, 709135, 864.0
753, 1712679310, 707741, 582.0
754, 1712679311, 708005, 693.0
755, 1712679312, 708780, 494.0
756, 1712679313, 708588, 748.0
757, 1712679314, 708592, 690.0
758, 1712679315, 708397, 827.0
759, 1712679316, 708519, 55.0
760, 1712679317, 708589, 49.0
761, 1712679318, 708833, 819.0
762, 1712679319, 708488, 352.0
763, 1712679320, 708706, 206.0
764, 1712679321, 708269, 494.0
765, 1712679322, 709031, 613.0
766, 1712679323, 708558, 519.0
767, 1712679324, 708847, 661.0
768, 1712679325, 709146, 357.0
769, 1712679326, 708512, 39.0
770, 1712679327, 708940, 421.0
771, 1712679328, 708404, 904.0
772, 1712679329, 709047, 649.0
773, 1712679330, 708842, 40.0
774, 1712679331, 708628, 765.0
775, 1712679332, 709251, 389.0
776, 1712679333, 708928, 671.0
777, 1712679334, 708484, 966.0
778, 1712679335, 709109, 940.0
779, 1712679336, 709366, 734.0
780, 1712679337, 709262, 494.0
781, 1712679338, 709300, 988.0
782, 1712679339, 708692, 874.0
783, 1712679340, 708204, 212.0
784, 1712679341, 708683, 297.0
785, 1712679342, 709164, 742.0
786, 1712679343, 708457, 622.0
787, 1712679344, 708642, 252.0
788, 1712679345, 709232, 562.0
789, 1712679346, 708947, 391.0
790, 1712679347, 708885, 274.0
791, 1712679348, 708470, 219.0
792, 1712679349, 707787, 239.0
793, 1712679350, 708249, 7.0
794, 1712679351, 708564, 798.0
795, 1712679352, 708773, 748.0
796, 1712679353, 709079, 68.0
797, 1712679354, 709031, 47.0
798, 1712679355, 709245, 186.0
799, 1712679356, 709300, 466.0
800, 1712679357, 708773, 778.0
801, 1712679358, 708973, 308.0
802, 1712679359, 708727, 694.0
803, 1712679360, 708526, 460.0
804, 1712679361, 708815, 20.0
805, 1712679362, 708508, 107.0
806, 1712679363, 709242, 612.0
807, 1712679364, 708863, 571.0
808, 1712679365, 708498, 751.0
809, 1712679366, 709331, 712.0
810, 1712679367, 709168, 160.0
811, 1712679368, 708467, 751.0
812, 1712679369, 709168, 831.0
813, 1712679370, 708996, 921.0
814, 1712679371, 708657, 144.0
815, 1712679372, 708273, 234.0
816, 1712679373, 708963, 506.0
817, 1712679374, 708787, 943.0
818, 1712679375, 709189, 182.0
819, 1712679376, 708444, 908.0
820, 1712679377, 708806, 994.0
821, 1712679378, 708645, 343.0
822, 1712679379, 708664, 905.0
823, 1712679380, 709041, 975.0
824, 1712679381, 708693, 942.0
825, 1712679382, 708435, 946.0
826, 1712679383, 708756, 764.0
827, 1712679384, 708767, 163.0
828, 1712679385, 709273, 814.0
829, 1712679386, 708842, 983.0
830, 1712679387, 707995, 547.0
831, 1712679388, 708731, 537.0
832, 1712679389, 709201, 784.0
833, 1712679390, 708860, 785.0
834, 1712679391, 707895, 344.0
835, 1712679392, 709098, 562.0
836, 1712679393, 709187, 529.0
837, 1712679394, 708616, 184.0
838, 1712679395, 708384, 962.0
839, 1712679396, 707552, 46.0
840, 1712679397, 708837, 854.0
841, 1712679398, 708751, 447.0
842, 1712679399, 708379, 880.0
843, 1712679400, 709245, 541.0
844, 1712679401, 709069, 578.0
845, 1712679402, 708558, 388.0
846, 1712679403, 709322, 148.0
847, 1712679404, 708919, 515.0
848, 1712679405, 710020, 349.0
849, 1712679406, 708495, 394.0
850, 1712679407, 708871, 7.0
851, 1712679408, 709136, 410.0
852, 1712679409, 708638, 597.0
853, 1712679410, 708391, 387.0
854, 1712679411, 707750, 543.0
855, 1712679412, 708794, 590.0
856, 1712679413, 709034, 469.0
857, 1712679414, 708641, 709.0
858, 1712679415, 708471, 301.0
859, 1712679416, 709007, 343.0
860, 1712679417, 708845, 994.0
861, 1712679418, 708522, 95.0
862, 1712679419, 709165, 736.0
863, 1712679420, 708944, 707.0
864, 1712679421, 708819, 281.0
865, 1712679422, 708574, 854.0
866, 1712679423, 709151, 80.0
867, 1712679424, 708534, 876.0
868, 1712679425, 708526, 840.0
869, 1712679426, 708869, 303.0
870, 1712679427, 709322, 95.0
871, 1712679428, 708827, 569.0
872, 1712679429, 708881, 356.0
873, 1712679430, 708783, 946.0
874, 1712679431, 707908, 198.0
875, 1712679432, 709133, 354.0
876, 1712679433, 708449, 769.0
877, 1712679434, 709008, 539.0
878, 1712679435, 708683, 781.0
879, 1712679436, 709075, 565.0
880, 1712679437, 708244, 349.0
881, 1712679438, 708825, 552.0
882, 1712679439, 708853, 55.0
883, 1712679440, 708652, 847.0
884, 1712679441, 708655, 127.0
885, 1712679442, 708698, 461.0
886, 1712679443, 708467, 11.0
887, 1712679444, 708853, 530.0
888, 1712679445, 707964, 919.0
889, 1712679446, 708225, 827.0
890, 1712679447, 709176, 531.0
891, 1712679448, 707784, 298.0
892, 1712679449, 709187, 667.0
893, 1712679450, 709246, 630.0
894, 1712679451, 708255, 278.0
895, 1712679452, 708725, 289.0
896, 1712679453, 709284, 521.0
897, 1712679454, 709061, 487.0
898, 1712679455, 707967, 317.0
899, 1712679456, 708978, 971.0
900, 1712679457, 708824, 357.0
901, 1712679458, 708991, 81.0
902, 1712679459, 709200, 437.0
903, 1712679460, 708591, 641.0
904, 1712679461, 709411, 615.0
905, 1712679462, 708914, 351.0
906, 1712679463, 708897, 50.0
907, 1712679464, 708576, 586.0
908, 1712679465, 709221, 350.0
909, 1712679466, 709092, 477.0
910, 1712679467, 709010, 618.0
911, 1712679468, 708495, 928.0
912, 1712679469, 709103, 246.0
913, 1712679470, 707803, 858.0
914, 1712679471, 708945, 160.0
915, 1712679472, 714004, 23.0
916, 1712679474, 708628, 270.0
917, 1712679475, 708458, 437.0
918, 1712679476, 709115, 491.0
919, 1712679477, 708885, 645.0
920, 1712679478, 708864, 403.0
921, 1712679479, 709204, 13.0
922, 1712679480, 708610, 690.0
923, 1712679481, 708701, 59.0
924, 1712679482, 709246, 134.0
925, 1712679483, 708981, 640.0
926, 1712679484, 707727, 815.0
927, 1712679485, 707609, 829.0
928, 1712679486, 709293, 281.0
929, 1712679487, 708694, 334.0
930, 1712679488, 708873, 858.0
931, 1712679489, 708439, 199.0
932, 1712679490, 708857, 374.0
933, 1712679491, 708822, 228.0
934, 1712679492, 708911, 916.0
935, 1712679493, 707607, 915.0
936, 1712679494, 708946, 484.0
937, 1712679495, 709023, 714.0
938, 1712679496, 708461, 572.0
939, 1712679497, 708621, 431.0
940, 1712679498, 708714, 178.0
941, 1712679499, 708539, 825.0
942, 1712679500, 708786, 344.0
943, 1712679501, 708318, 37.0
944, 1712679502, 709370, 920.0
945, 1712679503, 708402, 560.0
946, 1712679504, 708558, 68.0
947, 1712679505, 708645, 183.0
948, 1712679506, 708835, 835.0
949, 1712679507, 708916, 145.0
950, 1712679508, 708832, 947.0
951, 1712679509, 708846, 857.0
952, 1712679510, 708895, 869.0
953, 1712679511, 708822, 181.0
954, 1712679512, 708363, 79.0
955, 1712679513, 708801, 244.0
956, 1712679514, 708418, 767.0
957, 1712679515, 709192, 699.0
958, 1712679516, 708749, 468.0
959, 1712679517, 708766, 85.0
960, 1712679518, 707845, 24.0
961, 1712679519, 709076, 227.0
962, 1712679520, 708708, 706.0
963, 1712679521, 708744, 932.0
964, 1712679522, 708599, 16.0
965, 1712679523, 708557, 427.0
966, 1712679524, 709300, 663.0
967, 1712679525, 708667, 812.0
968, 1712679526, 709071, 299.0
969, 1712679527, 708470, 379.0
970, 1712679528, 708745, 294.0
971, 1712679529, 708814, 772.0
972, 1712679530, 708837, 654.0
973, 1712679531, 708866, 98.0
974, 1712679532, 708551, 109.0
975, 1712679533, 708916, 298.0
976, 1712679534, 708826, 588.0
977, 1712679535, 709148, 852.0
978, 1712679536, 708456, 671.0
979, 1712679537, 708509, 549.0
980, 1712679538, 708638, 124.0
981, 1712679539, 708590, 121.0
982, 1712679540, 709168, 199.0
983, 1712679541, 709018, 335.0
984, 1712679542, 708435, 325.0
985, 1712679543, 708901, 158.0
986, 1712679544, 708800, 166.0
987, 1712679545, 709214, 287.0
988, 1712679546, 708846, 410.0
989, 1712679547, 708944, 638.0
990, 1712679548, 708985, 364.0
991, 1712679549, 709201, 25.0
992, 1712679550, 708652, 396.0
993, 1712679551, 708696, 149.0
994, 1712679552, 708640, 726.0
995, 1712679553, 708159, 442.0
996, 1712679554, 709104, 341.0
997, 1712679555, 708495, 378.0
998, 1712679556, 708659, 815.0
999, 1712679557, 709183, 13.0
1000, 1712679558, 709258, 805.0
1001, 1712679559, 708783, 961.0
1002, 1712679560, 707850, 237.0
1003, 1712679561, 709208, 597.0
1004, 1712679562, 709360, 29.0
1005, 1712679563, 708395, 584.0
1006, 1712679564, 708642, 832.0
1007, 1712679565, 708961, 47.0
1008, 1712679566, 708697, 905.0
1009, 1712679567, 709089, 762.0
1010, 1712679568, 708402, 174.0
1011, 1712679569, 708558, 321.0
1012, 1712679570, 709235, 419.0
1013, 1712679571, 708665, 153.0
1014, 1712679572, 708930, 531.0
1015, 1712679573, 708531, 179.0
1016, 1712679574, 708855, 304.0
1017, 1712679575, 708549, 934.0
1018, 1712679576, 708734, 647.0
1019, 1712679577, 708491, 252.0
1020, 1712679578, 708621, 471.0
1021, 1712679579, 709096, 407.0
1022, 1712679580, 709286, 896.0
1023, 1712679581, 708373, 535.0
1024, 1712679582, 708564, 550.0
1025, 1712679583, 708790, 193.0
1026, 1712679584, 708822, 293.0
1027, 1712679585, 708471, 621.0
1028, 1712679586, 709002, 229.0
1029, 1712679587, 708624, 158.0
1030, 1712679588, 708557, 909.0
1031, 1712679589, 708508, 851.0
1032, 1712679590, 708981, 930.0
1033, 1712679591, 709197, 527.0
1034, 1712679592, 709284, 972.0
1035, 1712679593, 708709, 504.0
1036, 1712679594, 708385, 931.0
1037, 1712679595, 708508, 723.0
1038, 1712679596, 708638, 323.0
1039, 1712679597, 708697, 930.0
1040, 1712679598, 708453, 486.0
1041, 1712679599, 708890, 112.0
1042, 1712679600, 707967, 735.0
1043, 1712679601, 708333, 193.0
1044, 1712679602, 708522, 831.0
1045, 1712679603, 709197, 120.0
1046, 1712679604, 708400, 166.0
1047, 1712679605, 708985, 346.0
1048, 1712679606, 709317, 902.0
1049, 1712679607, 709197, 435.0
1050, 1712679608, 708773, 998.0
1051, 1712679609, 709043, 585.0
1052, 1712679610, 709227, 279.0
1053, 1712679611, 708451, 272.0
1054, 1712679612, 708492, 289.0
1055, 1712679613, 708482, 151.0
1056, 1712679614, 707961, 634.0
1057, 1712679615, 708831, 501.0
1058, 1712679616, 709161, 637.0
1059, 1712679617, 708685, 700.0
1060, 1712679618, 708576, 441.0
1061, 1712679619, 708506, 585.0
1062, 1712679620, 708970, 934.0
1063, 1712679621, 707979, 835.0
1064, 1712679622, 708512, 529.0
1065, 1712679623, 708925, 266.0
1066, 1712679624, 708050, 800.0
1067, 1712679625, 709162, 661.0
1068, 1712679626, 709296, 944.0
1069, 1712679627, 708517, 973.0
1070, 1712679628, 708607, 822.0
1071, 1712679629, 708693, 780.0
1072, 1712679630, 709048, 518.0
1073, 1712679631, 708824, 748.0
1074, 1712679632, 708884, 484.0
1075, 1712679633, 709146, 58.0
1076, 1712679634, 708582, 655.0
1077, 1712679635, 708904, 717.0
1078, 1712679636, 709065, 15.0
1079, 1712679637, 708381, 421.0
1080, 1712679638, 708443, 720.0
1081, 1712679639, 708478, 407.0
1082, 1712679640, 708682, 720.0
1083, 1712679641, 708826, 848.0
1084, 1712679642, 709300, 492.0
1085, 1712679643, 707638, 422.0
1086, 1712679644, 709115, 944.0
1087, 1712679645, 715903, 851.0
1088, 1712679647, 709074, 995.0
1089, 1712679648, 708345, 287.0
1090, 1712679649, 708760, 967.0
1091, 1712679650, 708837, 559.0
1092, 1712679651, 708759, 288.0
1093, 1712679652, 709120, 52.0
1094, 1712679653, 709147, 255.0
1095, 1712679654, 708879, 106.0
1096, 1712679655, 709002, 291.0
1097, 1712679656, 708463, 720.0
1098, 1712679657, 708583, 500.0
1099, 1712679658, 708720, 765.0
1100, 1712679659, 709048, 455.0
1101, 1712679660, 708824, 236.0
1102, 1712679661, 708709, 217.0
1103, 1712679662, 709082, 127.0
1104, 1712679663, 708410, 530.0
1105, 1712679664, 708544, 141.0
1106, 1712679665, 708384, 675.0
1107, 1712679666, 708920, 682.0
1108, 1712679667, 709131, 216.0
1109, 1712679668, 708838, 345.0
1110, 1712679669, 708765, 678.0
1111, 1712679670, 708175, 732.0
1112, 1712679671, 708312, 555.0
1113, 1712679672, 708821, 819.0
1114, 1712679673, 708666, 791.0
1115, 1712679674, 708390, 615.0
1116, 1712679675, 708332, 615.0
1117, 1712679676, 708308, 533.0
1118, 1712679677, 708154, 313.0
1119, 1712679678, 709199, 885.0
1120, 1712679679, 708177, 907.0
1121, 1712679680, 707880, 303.0
1122, 1712679681, 709002, 545.0
1123, 1712679682, 708607, 736.0
1124, 1712679683, 707953, 88.0
1125, 1712679684, 708283, 109.0
1126, 1712679685, 708194, 656.0
1127, 1712679686, 708265, 489.0
1128, 1712679687, 708261, 28.0
1129, 1712679688, 708305, 775.0
1130, 1712679689, 708203, 858.0
1131, 1712679690, 708317, 530.0
1132, 1712679691, 708321, 109.0
1133, 1712679692, 708317, 969.0
1134, 1712679693, 708332, 470.0
1135, 1712679694, 708829, 977.0
1136, 1712679695, 708551, 510.0
1137, 1712679696, 708770, 947.0
1138, 1712679697, 709120, 747.0
1139, 1712679698, 709017, 467.0
1140, 1712679699, 708385, 523.0
1141, 1712679700, 709074, 525.0
1142, 1712679701, 709149, 316.0
1143, 1712679702, 708457, 179.0
1144, 1712679703, 708003, 525.0
1145, 1712679704, 708410, 182.0
1146, 1712679705, 708410, 629.0
1147, 1712679706, 708420, 224.0
1148, 1712679707, 708170, 771.0
1149, 1712679708, 709249, 18.0
1150, 1712679709, 708450, 171.0
1151, 1712679710, 708457, 954.0
1152, 1712679711, 708457, 7.0
1153, 1712679712, 708711, 815.0
1154, 1712679713, 708324, 216.0
1155, 1712679714, 708412, 964.0
1156, 1712679715, 708138, 107.0
1157, 1712679716, 708272, 830.0
1158, 1712679717, 708345, 84.0
1159, 1712679718, 708103, 571.0
1160, 1712679719, 708168, 470.0
1161, 1712679720, 708395, 385.0
1162, 1712679721, 708686, 712.0
1163, 1712679722, 708655, 948.0
1164, 1712679723, 708347, 990.0
1165, 1712679724, 708207, 224.0
1166, 1712679725, 708585, 632.0
1167, 1712679726, 708350, 254.0
1168, 1712679727, 709033, 125.0
1169, 1712679728, 709407, 746.0
1170, 1712679729, 709741, 929.0
1171, 1712679730, 709818, 155.0
1172, 1712679731, 710808, 422.0
1173, 1712679732, 710756, 467.0
1174, 1712679733, 711549, 37.0
1175, 1712679734, 711279, 880.0
1176, 1712679735, 711425, 8.0
1177, 1712679736, 711024, 706.0
1178, 1712679737, 712049, 355.0
1179, 1712679738, 712470, 854.0
1180, 1712679739, 712441, 408.0
1181, 1712679740, 712650, 748.0
1182, 1712679741, 712835, 456.0
1183, 1712679742, 712718, 151.0
1184, 1712679743, 712129, 183.0
1185, 1712679744, 713050, 499.0
1186, 1712679745, 713413, 839.0
1187, 1712679746, 713471, 83.0
1188, 1712679747, 713344, 21.0
1189, 1712679748, 713393, 349.0
1190, 1712679749, 713877, 389.0
1191, 1712679750, 713768, 487.0
1192, 1712679751, 713719, 802.0
1193, 1712679752, 714170, 907.0
1194, 1712679753, 714272, 206.0
1195, 1712679754, 714097, 508.0
1196, 1712679755, 714031, 418.0
1197, 1712679756, 714134, 988.0
1198, 1712679757, 714886, 971.0
1199, 1712679758, 715102, 556.0
1200, 1712679759, 714139, 983.0
1201, 1712679760, 714696, 271.0
1202, 1712679761, 714800, 459.0
1203, 1712679762, 714863, 280.0
1204, 1712679763, 714560, 967.0
1205, 1712679764, 714535, 928.0
1206, 1712679765, 714383, 818.0
1207, 1712679766, 715219, 344.0
1208, 1712679767, 715286, 269.0
1209, 1712679768, 714597, 758.0
1210, 1712679769, 714926, 246.0
1211, 1712679770, 715170, 808.0
1212, 1712679771, 715047, 501.0
1213, 1712679772, 714929, 728.0
1214, 1712679773, 714625, 92.0
1215, 1712679774, 714095, 46.0
1216, 1712679775, 714823, 930.0
1217, 1712679776, 715380, 914.0
1218, 1712679777, 714838, 854.0
1219, 1712679778, 715268, 306.0
1220, 1712679779, 714731, 984.0
1221, 1712679780, 715408, 687.0
1222, 1712679781, 715775, 790.0
1223, 1712679782, 715671, 191.0
1224, 1712679783, 715113, 259.0
1225, 1712679784, 714872, 979.0
1226, 1712679785, 715143, 835.0
1227, 1712679786, 714920, 233.0
1228, 1712679787, 715675, 638.0
1229, 1712679788, 714967, 36.0
1230, 1712679789, 715029, 865.0
1231, 1712679790, 715202, 42.0
1232, 1712679791, 714905, 397.0
1233, 1712679792, 715656, 212.0
1234, 1712679793, 715715, 47.0
1235, 1712679794, 715452, 240.0
1236, 1712679795, 715265, 713.0
1237, 1712679796, 715455, 535.0
1238, 1712679797, 715738, 4.0
1239, 1712679798, 715934, 953.0
1240, 1712679799, 715070, 582.0
1241, 1712679800, 715762, 468.0
1242, 1712679801, 715799, 424.0
1243, 1712679802, 715657, 638.0
1244, 1712679803, 715584, 951.0
1245, 1712679804, 715411, 583.0
1246, 1712679805, 715198, 355.0
1247, 1712679806, 715807, 98.0
1248, 1712679807, 714768, 134.0
1249, 1712679808, 715543, 296.0
1250, 1712679809, 715430, 872.0
1251, 1712679810, 715170, 595.0
1252, 1712679811, 715002, 494.0
1253, 1712679812, 715826, 87.0
1254, 1712679813, 715602, 978.0
1255, 1712679814, 715223, 965.0
1256, 1712679815, 715635, 477.0
1257, 1712679816, 715118, 893.0
1258, 1712679817, 715830, 509.0
1259, 1712679818, 715817, 948.0
1260, 1712679819, 715706, 960.0
1261, 1712679820, 721359, 197.0
1262, 1712679822, 715727, 917.0
1263, 1712679823, 716031, 838.0
1264, 1712679824, 715788, 430.0
1265, 1712679825, 715780, 471.0
1266, 1712679826, 715670, 471.0
1267, 1712679827, 715605, 294.0
1268, 1712679828, 715488, 494.0
1269, 1712679829, 715162, 33.0
1270, 1712679830, 715792, 170.0
1271, 1712679831, 715855, 120.0
1272, 1712679832, 715146, 647.0
1273, 1712679833, 715512, 119.0
1274, 1712679834, 715862, 433.0
1275, 1712679835, 715842, 534.0
1276, 1712679836, 714959, 534.0
1277, 1712679837, 715081, 332.0
1278, 1712679838, 715543, 972.0
1279, 1712679839, 715547, 836.0
1280, 1712679840, 715345, 708.0
1281, 1712679841, 715260, 358.0
1282, 1712679842, 716005, 893.0
1283, 1712679843, 715872, 588.0
1284, 1712679844, 715955, 332.0
1285, 1712679845, 714233, 715.0
1286, 1712679846, 715181, 49.0
1287, 1712679847, 715471, 597.0
1288, 1712679848, 715807, 655.0
1289, 1712679849, 715326, 547.0
1290, 1712679850, 715564, 829.0
1291, 1712679851, 714874, 546.0
1292, 1712679852, 715178, 52.0
1293, 1712679853, 715892, 821.0
1294, 1712679854, 715573, 247.0
1295, 1712679855, 714443, 840.0
1296, 1712679856, 715631, 689.0
1297, 1712679857, 715195, 769.0
1298, 1712679858, 716032, 721.0
1299, 1712679859, 715914, 25.0
1300, 1712679860, 715178, 289.0
1301, 1712679861, 715595, 799.0
1302, 1712679862, 715646, 884.0
1303, 1712679863, 715258, 864.0
1304, 1712679864, 715685, 874.0
1305, 1712679865, 715702, 404.0
1306, 1712679866, 715919, 324.0
1307, 1712679867, 715899, 619.0
1308, 1712679868, 715376, 40.0
1309, 1712679869, 715717, 309.0
1310, 1712679870, 715111, 228.0
1311, 1712679871, 715369, 665.0
1312, 1712679872, 715243, 103.0
1313, 1712679873, 715847, 800.0
1314, 1712679874, 715754, 753.0
1315, 1712679875, 715313, 220.0
1316, 1712679876, 715456, 695.0
1317, 1712679877, 715528, 245.0
1318, 1712679878, 715085, 738.0
1319, 1712679879, 715472, 963.0
1320, 1712679880, 715356, 978.0
1321, 1712679881, 715087, 1000.0
1322, 1712679882, 715237, 159.0
1323, 1712679883, 715678, 199.0
1324, 1712679884, 715568, 341.0
1325, 1712679885, 715950, 111.0
1326, 1712679886, 715213, 749.0
1327, 1712679887, 715137, 229.0
1328, 1712679888, 714342, 168.0
1329, 1712679889, 714882, 444.0
1330, 1712679890, 716879, 307.0
1331, 1712679891, 715770, 424.0
1332, 1712679892, 715480, 431.0
1333, 1712679893, 715907, 72.0
1334, 1712679894, 715194, 488.0
1335, 1712679895, 715125, 233.0
1336, 1712679896, 714945, 340.0
1337, 1712679897, 715274, 629.0
1338, 1712679898, 715418, 43.0
1339, 1712679899, 715678, 19.0
1340, 1712679900, 715883, 926.0
1341, 1712679901, 715152, 884.0
1342, 1712679902, 715306, 377.0
1343, 1712679903, 715453, 852.0
1344, 1712679904, 715883, 404.0
1345, 1712679905, 715595, 314.0
1346, 1712679906, 715160, 302.0
1347, 1712679907, 714720, 973.0
1348, 1712679908, 715435, 590.0
1349, 1712679909, 715204, 421.0
1350, 1712679910, 715775, 754.0
1351, 1712679911, 715080, 132.0
1352, 1712679912, 715439, 499.0
1353, 1712679913, 715466, 514.0
1354, 1712679914, 716078, 468.0
1355, 1712679915, 715188, 826.0
1356, 1712679916, 715857, 839.0
1357, 1712679917, 715986, 679.0
1358, 1712679918, 715417, 841.0
1359, 1712679919, 716027, 281.0
1360, 1712679920, 715018, 620.0
1361, 1712679921, 715406, 838.0
1362, 1712679922, 715428, 13.0
1363, 1712679923, 715557, 881.0
1364, 1712679924, 715380, 867.0
1365, 1712679925, 715688, 269.0
1366, 1712679926, 716180, 242.0
1367, 1712679927, 715363, 516.0
1368, 1712679928, 715476, 469.0
1369, 1712679929, 715920, 71.0
1370, 1712679930, 715696, 761.0
1371, 1712679931, 714668, 444.0
1372, 1712679932, 714536, 613.0
1373, 1712679933, 715590, 610.0
1374, 1712679934, 714661, 812.0
1375, 1712679935, 715637, 676.0
1376, 1712679936, 715291, 306.0
1377, 1712679937, 716006, 742.0
1378, 1712679938, 715965, 22.0
1379, 1712679939, 714844, 18.0
1380, 1712679940, 715906, 701.0
1381, 1712679941, 715842, 35.0
1382, 1712679942, 715776, 515.0
1383, 1712679943, 715564, 695.0
1384, 1712679944, 716130, 409.0
1385, 1712679945, 715101, 404.0
1386, 1712679946, 715392, 958.0
1387, 1712679947, 715548, 306.0
1388, 1712679948, 715824, 73.0
1389, 1712679949, 714972, 619.0
1390, 1712679950, 714859, 331.0
1391, 1712679951, 715826, 150.0
1392, 1712679952, 715810, 59.0
1393, 1712679953, 714795, 309.0
1394, 1712679954, 715857, 659.0
1395, 1712679955, 715415, 16.0
1396, 1712679956, 715283, 941.0
1397, 1712679957, 715867, 433.0
1398, 1712679958, 715670, 624.0
1399, 1712679959, 715404, 332.0
1400, 1712679960, 715776, 392.0
1401, 1712679961, 716033, 745.0
1402, 1712679962, 715435, 238.0
1403, 1712679963, 715227, 779.0
1404, 1712679964, 715767, 402.0
1405, 1712679965, 715671, 975.0
1406, 1712679966, 715247, 833.0
1407, 1712679967, 715687, 961.0
1408, 1712679968, 715668, 944.0
1409, 1712679969, 715877, 214.0
1410, 1712679970, 715401, 855.0
1411, 1712679971, 715610, 426.0
1412, 1712679972, 715070, 2.0
1413, 1712679973, 715800, 539.0
1414, 1712679974, 715963, 33.0
1415, 1712679975, 715248, 824.0
1416, 1712679976, 715137, 716.0
1417, 1712679977, 715946, 319.0
1418, 1712679978, 715616, 633.0
1419, 1712679979, 715988, 813.0
1420, 1712679980, 715205, 160.0
1421, 1712679981, 715810, 603.0
1422, 1712679982, 715738, 780.0
1423, 1712679983, 715108, 437.0
1424, 1712679984, 715834, 989.0
1425, 1712679985, 715470, 670.0
1426, 1712679986, 715445, 612.0
1427, 1712679987, 715261, 188.0
1428, 1712679988, 715813, 216.0
1429, 1712679989, 715710, 149.0
1430, 1712679990, 715639, 155.0
1431, 1712679991, 715952, 358.0
1432, 1712679992, 714428, 291.0
1433, 1712679993, 715726, 715.0
1434, 1712679994, 715139, 617.0
1435, 1712679995, 715101, 122.0
1436, 1712679996, 719510, 990.0
1437, 1712679998, 715889, 327.0
1438, 1712679999, 715998, 981.0
1439, 1712680000, 716047, 692.0
1440, 1712680001, 715727, 308.0
1441, 1712680002, 715906, 698.0
1442, 1712680003, 715826, 882.0
1443, 1712680004, 715301, 102.0
1444, 1712680005, 716069, 777.0
1445, 1712680006, 715390, 321.0
1446, 1712680007, 716059, 359.0
1447, 1712680008, 715290, 635.0
1448, 1712680009, 715382, 806.0
1449, 1712680010, 715149, 725.0
1450, 1712680011, 715337, 253.0
1451, 1712680012, 715083, 777.0
1452, 1712680013, 715880, 121.0
1453, 1712680014, 715682, 277.0
1454, 1712680015, 715205, 868.0
1455, 1712680016, 715791, 261.0
1456, 1712680017, 715770, 907.0
1457, 1712680018, 715219, 791.0
1458, 1712680019, 715472, 48.0
1459, 1712680020, 715821, 950.0
1460, 1712680021, 715605, 543.0
1461, 1712680022, 715550, 680.0
1462, 1712680023, 715479, 377.0
1463, 1712680024, 715178, 430.0
1464, 1712680025, 715261, 755.0
1465, 1712680026, 715085, 593.0
1466, 1712680027, 715195, 944.0
1467, 1712680028, 716035, 668.0
1468, 1712680029, 715991, 696.0
1469, 1712680030, 715392, 51.0
1470, 1712680031, 715564, 76.0
1471, 1712680032, 715270, 792.0
1472, 1712680033, 716016, 983.0
1473, 1712680034, 715898, 596.0
1474, 1712680035, 715538, 462.0
1475, 1712680036, 715202, 526.0
1476, 1712680037, 715632, 225.0
1477, 1712680038, 715934, 490.0
1478, 1712680039, 715312, 607.0
1479, 1712680040, 716125, 709.0
1480, 1712680041, 715758, 336.0
1481, 1712680042, 715258, 28.0
1482, 1712680043, 715643, 487.0
1483, 1712680044, 716133, 681.0
1484, 1712680045, 716038, 456.0
1485, 1712680046, 715915, 870.0
1486, 1712680047, 715471, 201.0
1487, 1712680048, 715438, 930.0
1488, 1712680049, 715262, 935.0
1489, 1712680050, 715594, 517.0
1490, 1712680051, 714425, 545.0
1491, 1712680052, 715109, 884.0
1492, 1712680053, 715835, 837.0
1493, 1712680054, 715612, 523.0
1494, 1712680055, 715604, 398.0
1495, 1712680056, 715901, 929.0
1496, 1712680057, 715795, 942.0
1497, 1712680058, 715858, 269.0
1498, 1712680059, 715959, 610.0
1499, 1712680060, 715775, 351.0
1500, 1712680061, 714795, 691.0
1501, 1712680062, 715497, 353.0
1502, 1712680063, 715389, 774.0
1503, 1712680064, 715724, 711.0
1504, 1712680065, 715265, 14.0
1505, 1712680066, 715906, 442.0
1506, 1712680067, 715186, 708.0
1507, 1712680068, 715883, 746.0
1508, 1712680069, 716045, 993.0
1509, 1712680070, 715941, 139.0
1510, 1712680071, 716206, 174.0
1511, 1712680072, 716049, 781.0
1512, 1712680073, 715504, 227.0
1513, 1712680074, 715855, 85.0
1514, 1712680075, 715259, 965.0
1515, 1712680076, 715883, 454.0
1516, 1712680077, 716156, 301.0
1517, 1712680078, 715574, 504.0
1518, 1712680079, 716024, 629.0
1519, 1712680080, 715703, 229.0
1520, 1712680081, 715254, 269.0
1521, 1712680082, 715631, 937.0
1522, 1712680083, 715817, 450.0
1523, 1712680084, 715194, 194.0
1524, 1712680085, 714650, 440.0
1525, 1712680086, 716351, 640.0
1526, 1712680087, 716208, 899.0
1527, 1712680088, 714509, 781.0
1528, 1712680089, 716227, 434.0
1529, 1712680090, 715564, 840.0
1530, 1712680091, 715608, 975.0
1531, 1712680092, 715906, 735.0
1532, 1712680093, 715919, 397.0
1533, 1712680094, 715415, 56.0
1534, 1712680095, 716325, 741.0
1535, 1712680096, 715653, 986.0
1536, 1712680097, 716068, 369.0
1537, 1712680098, 715543, 557.0
1538, 1712680099, 715781, 174.0
1539, 1712680100, 715497, 429.0
1540, 1712680101, 715337, 101.0
1541, 1712680102, 715878, 585.0
1542, 1712680103, 715269, 94.0
1543, 1712680104, 715702, 327.0
1544, 1712680105, 716022, 863.0
1545, 1712680106, 715728, 586.0
1546, 1712680107, 715529, 693.0
1547, 1712680108, 716237, 777.0
1548, 1712680109, 715755, 128.0
1549, 1712680110, 715497, 106.0
1550, 1712680111, 716224, 691.0
1551, 1712680112, 715393, 360.0
1552, 1712680113, 716208, 463.0
1553, 1712680114, 715864, 39.0
1554, 1712680115, 716014, 470.0
1555, 1712680116, 716025, 497.0
1556, 1712680117, 715982, 922.0
1557, 1712680118, 716267, 338.0
1558, 1712680119, 715566, 702.0
1559, 1712680120, 715574, 875.0
1560, 1712680121, 715879, 990.0
1561, 1712680122, 715147, 6.0
1562, 1712680123, 716272, 888.0
1563, 1712680124, 715906, 740.0
1564, 1712680125, 715276, 753.0
1565, 1712680126, 715712, 3.0
1566, 1712680127, 716209, 116.0
1567, 1712680128, 716037, 252.0
1568, 1712680129, 715533, 69.0
1569, 1712680130, 716035, 151.0
1570, 1712680131, 715746, 17.0
1571, 1712680132, 715469, 164.0
1572, 1712680133, 716135, 711.0
1573, 1712680134, 715910, 960.0
1574, 1712680135, 715650, 405.0
1575, 1712680136, 716251, 710.0
1576, 1712680137, 716031, 633.0
1577, 1712680138, 716104, 35.0
1578, 1712680139, 715730, 313.0
1579, 1712680140, 715691, 99.0
1580, 1712680141, 715217, 731.0
1581, 1712680142, 716261, 976.0
1582, 1712680143, 715476, 190.0
1583, 1712680144, 715192, 277.0
1584, 1712680145, 715198, 525.0
1585, 1712680146, 716125, 634.0
1586, 1712680147, 714966, 525.0
1587, 1712680148, 715929, 449.0
1588, 1712680149, 715286, 621.0
1589, 1712680150, 716143, 79.0
1590, 1712680151, 716129, 759.0
1591, 1712680152, 715342, 419.0
1592, 1712680153, 714824, 868.0
1593, 1712680154, 715901, 854.0
1594, 1712680155, 715507, 262.0
1595, 1712680156, 715616, 345.0
1596, 1712680157, 715906, 496.0
1597, 1712680158, 715713, 376.0
1598, 1712680159, 715755, 894.0
1599, 1712680160, 715908, 793.0
1600, 1712680161, 714751, 283.0
1601, 1712680162, 715625, 381.0
1602, 1712680163, 716026, 373.0
1603, 1712680164, 715585, 4.0
1604, 1712680165, 715215, 741.0
1605, 1712680166, 714974, 735.0
1606, 1712680167, 715095, 58.0
1607, 1712680168, 715599, 261.0
1608, 1712680169, 715959, 637.0
1609, 1712680170, 716058, 220.0
1610, 1712680171, 715309, 757.0
1611, 1712680172, 720312, 674.0
1612, 1712680174, 715612, 550.0
1613, 1712680175, 715760, 599.0
1614, 1712680176, 716022, 910.0
1615, 1712680177, 716049, 755.0
1616, 1712680178, 715812, 121.0
1617, 1712680179, 715882, 284.0
1618, 1712680180, 716444, 762.0
1619, 1712680181, 715734, 98.0
1620, 1712680182, 716018, 907.0
1621, 1712680183, 716250, 945.0
1622, 1712680184, 715376, 492.0
1623, 1712680185, 715918, 22.0
1624, 1712680186, 715389, 791.0
1625, 1712680187, 716052, 628.0
1626, 1712680188, 716309, 900.0
1627, 1712680189, 716469, 361.0
1628, 1712680190, 715552, 377.0
1629, 1712680191, 715738, 507.0
1630, 1712680192, 715701, 457.0
1631, 1712680193, 715497, 93.0
1632, 1712680194, 716074, 975.0
1633, 1712680195, 715770, 18.0
1634, 1712680196, 716239, 485.0
1635, 1712680197, 716047, 507.0
1636, 1712680198, 716080, 687.0
1637, 1712680199, 716050, 551.0
1638, 1712680200, 716279, 256.0
1639, 1712680201, 716239, 157.0
1640, 1712680202, 716091, 867.0
1641, 1712680203, 716047, 392.0
1642, 1712680204, 715244, 287.0
1643, 1712680205, 715747, 200.0
1644, 1712680206, 715160, 394.0
1645, 1712680207, 715688, 259.0
1646, 1712680208, 715847, 832.0
1647, 1712680209, 716262, 168.0
1648, 1712680210, 716113, 944.0
1649, 1712680211, 716351, 27.0
1650, 1712680212, 716283, 796.0
1651, 1712680213, 716186, 626.0
1652, 1712680214, 715611, 33.0
1653, 1712680215, 716253, 626.0
1654, 1712680216, 716104, 859.0
1655, 1712680217, 715723, 212.0
1656, 1712680218, 716027, 749.0
1657, 1712680219, 715133, 822.0
1658, 1712680220, 715564, 686.0
1659, 1712680221, 715553, 735.0
1660, 1712680222, 716226, 587.0
1661, 1712680223, 716241, 530.0
1662, 1712680224, 716418, 206.0
1663, 1712680225, 715996, 428.0
1664, 1712680226, 716050, 364.0
1665, 1712680227, 716364, 452.0
1666, 1712680228, 715717, 242.0
1667, 1712680229, 715591, 46.0
1668, 1712680230, 715896, 836.0
1669, 1712680231, 715548, 460.0
1670, 1712680232, 716427, 147.0
1671, 1712680233, 716355, 681.0
1672, 1712680234, 715799, 535.0
1673, 1712680235, 716135, 630.0
1674, 1712680236, 715033, 459.0
1675, 1712680237, 715272, 682.0
1676, 1712680238, 716205, 5.0
1677, 1712680239, 715918, 574.0
1678, 1712680240, 716545, 369.0
1679, 1712680241, 715553, 46.0
1680, 1712680242, 715647, 738.0
1681, 1712680243, 716064, 368.0
1682, 1712680244, 716192, 332.0
1683, 1712680245, 716506, 624.0
1684, 1712680246, 715746, 232.0
1685, 1712680247, 715910, 869.0
1686, 1712680248, 715643, 53.0
1687, 1712680249, 716207, 357.0
1688, 1712680250, 715867, 377.0
1689, 1712680251, 715908, 873.0
1690, 1712680252, 715701, 999.0
1691, 1712680253, 715882, 769.0
1692, 1712680254, 716223, 1.0
1693, 1712680255, 715636, 518.0
1694, 1712680256, 716425, 63.0
1695, 1712680257, 716261, 728.0
1696, 1712680258, 715760, 954.0
1697, 1712680259, 715039, 733.0
1698, 1712680260, 716562, 112.0
1699, 1712680261, 716421, 987.0
1700, 1712680262, 715855, 827.0
1701, 1712680263, 715720, 490.0
1702, 1712680264, 715930, 95.0
1703, 1712680265, 716182, 988.0
1704, 1712680266, 716378, 745.0
1705, 1712680267, 715549, 422.0
1706, 1712680268, 715856, 887.0
1707, 1712680269, 716136, 555.0
1708, 1712680270, 716126, 893.0
1709, 1712680271, 715972, 214.0
1710, 1712680272, 715791, 685.0
1711, 1712680273, 715684, 611.0
1712, 1712680274, 715893, 17.0
1713, 1712680275, 715835, 147.0
1714, 1712680276, 716432, 342.0
1715, 1712680277, 715995, 765.0
1716, 1712680278, 715876, 273.0
1717, 1712680279, 716382, 56.0
1718, 1712680280, 715706, 658.0
1719, 1712680281, 716474, 657.0
1720, 1712680282, 715590, 35.0
1721, 1712680283, 716428, 49.0
1722, 1712680284, 716279, 70.0
1723, 1712680285, 715831, 403.0
1724, 1712680286, 716168, 245.0
1725, 1712680287, 715733, 202.0
1726, 1712680288, 715494, 468.0
1727, 1712680289, 715780, 330.0
1728, 1712680290, 715882, 952.0
1729, 1712680291, 715782, 666.0
1730, 1712680292, 715820, 2.0
1731, 1712680293, 715816, 760.0
1732, 1712680294, 716486, 634.0
1733, 1712680295, 715828, 152.0
1734, 1712680296, 716552, 16.0
1735, 1712680297, 715996, 849.0
1736, 1712680298, 715795, 884.0
1737, 1712680299, 716237, 724.0
1738, 1712680300, 716005, 935.0
1739, 1712680301, 716118, 388.0
1740, 1712680302, 716176, 841.0
1741, 1712680303, 716362, 842.0
1742, 1712680304, 715960, 673.0
1743, 1712680305, 716303, 643.0
1744, 1712680306, 715953, 373.0
1745, 1712680307, 715879, 84.0
1746, 1712680308, 716431, 902.0
1747, 1712680309, 716442, 124.0
1748, 1712680310, 715059, 717.0
1749, 1712680311, 715703, 29.0
1750, 1712680312, 716528, 720.0
1751, 1712680313, 715994, 974.0
1752, 1712680314, 715927, 726.0
1753, 1712680315, 716058, 845.0
1754, 1712680316, 715727, 373.0
1755, 1712680317, 716145, 621.0
1756, 1712680318, 715892, 809.0
1757, 1712680319, 715580, 939.0
1758, 1712680320, 716264, 954.0
1759, 1712680321, 716154, 853.0
1760, 1712680322, 715965, 660.0
1761, 1712680323, 716367, 641.0
1762, 1712680324, 715168, 690.0
1763, 1712680325, 715734, 24.0
1764, 1712680326, 716413, 438.0
1765, 1712680327, 715733, 17.0
1766, 1712680328, 716064, 563.0
1767, 1712680329, 716104, 368.0
1768, 1712680330, 716511, 717.0
1769, 1712680331, 715952, 128.0
1770, 1712680332, 716081, 183.0
1771, 1712680333, 715889, 778.0
1772, 1712680334, 715783, 460.0
1773, 1712680335, 715590, 288.0
1774, 1712680336, 716047, 915.0
1775, 1712680337, 715856, 411.0
1776, 1712680338, 716261, 892.0
1777, 1712680339, 715806, 630.0
1778, 1712680340, 715900, 115.0
1779, 1712680341, 715453, 233.0
1780, 1712680342, 715908, 975.0
1781, 1712680343, 715793, 520.0
1782, 1712680344, 715715, 798.0
1783, 1712680345, 716516, 857.0
1784, 1712680346, 715939, 180.0
1785, 1712680347, 723325, 285.0
1786, 1712680349, 716192, 633.0
1787, 1712680350, 716317, 841.0
1788, 1712680351, 716264, 992.0
1789, 1712680352, 715723, 666.0
1790, 1712680353, 716150, 825.0
1791, 1712680354, 716186, 927.0
1792, 1712680355, 716555, 343.0
1793, 1712680356, 715840, 848.0
1794, 1712680357, 716239, 69.0
1795, 1712680358, 716264, 951.0
1796, 1712680359, 716557, 800.0
1797, 1712680360, 716300, 845.0
1798, 1712680361, 715977, 210.0
1799, 1712680362, 716111, 275.0
1800, 1712680363, 715740, 280.0
1801, 1712680364, 716387, 601.0
1802, 1712680365, 716508, 391.0
1803, 1712680366, 716439, 532.0
1804, 1712680367, 716303, 821.0
1805, 1712680368, 716349, 662.0
1806, 1712680369, 716083, 338.0
1807, 1712680370, 715970, 803.0
1808, 1712680371, 716448, 381.0
1809, 1712680372, 716021, 919.0
1810, 1712680373, 716264, 937.0
1811, 1712680374, 715018, 245.0
1812, 1712680375, 716521, 184.0
1813, 1712680376, 716250, 729.0
1814, 1712680377, 716160, 621.0
1815, 1712680378, 716038, 187.0
1816, 1712680379, 714976, 702.0
1817, 1712680380, 716417, 995.0
1818, 1712680381, 716274, 754.0
1819, 1712680382, 715900, 773.0
1820, 1712680383, 716559, 957.0
1821, 1712680384, 715566, 24.0
1822, 1712680385, 715755, 872.0
1823, 1712680386, 716703, 677.0
1824, 1712680387, 716171, 899.0
1825, 1712680388, 715893, 739.0
1826, 1712680389, 716300, 829.0
1827, 1712680390, 716341, 740.0
1828, 1712680391, 716601, 193.0
1829, 1712680392, 716302, 518.0
1830, 1712680393, 715625, 422.0
1831, 1712680394, 715914, 974.0
1832, 1712680395, 716375, 847.0
1833, 1712680396, 716233, 168.0
1834, 1712680397, 716389, 693.0
1835, 1712680398, 716692, 824.0
1836, 1712680399, 716364, 818.0
1837, 1712680400, 716016, 441.0
1838, 1712680401, 716259, 287.0
1839, 1712680402, 716008, 62.0
1840, 1712680403, 716684, 676.0
1841, 1712680404, 715976, 28.0
1842, 1712680405, 715245, 157.0
1843, 1712680406, 715963, 538.0
1844, 1712680407, 715969, 695.0
1845, 1712680408, 716504, 153.0
1846, 1712680409, 715201, 862.0
1847, 1712680410, 716605, 923.0
1848, 1712680411, 716105, 915.0
1849, 1712680412, 715668, 357.0
1850, 1712680413, 716548, 898.0
1851, 1712680414, 715866, 601.0
1852, 1712680415, 715179, 595.0
1853, 1712680416, 716720, 406.0
1854, 1712680417, 715845, 847.0
1855, 1712680418, 716701, 400.0
1856, 1712680419, 716592, 828.0
1857, 1712680420, 716490, 471.0
1858, 1712680421, 716722, 883.0
1859, 1712680422, 716404, 838.0
1860, 1712680423, 715965, 12.0
1861, 1712680424, 715898, 390.0
1862, 1712680425, 716549, 982.0
1863, 1712680426, 716109, 418.0
1864, 1712680427, 716254, 608.0
1865, 1712680428, 715778, 117.0
1866, 1712680429, 716656, 965.0
1867, 1712680430, 716373, 378.0
1868, 1712680431, 716569, 236.0
1869, 1712680432, 716022, 517.0
1870, 1712680433, 716584, 934.0
1871, 1712680434, 715988, 399.0
1872, 1712680435, 716524, 695.0
1873, 1712680436, 716151, 634.0
1874, 1712680437, 715908, 956.0
1875, 1712680438, 716231, 979.0
1876, 1712680439, 716293, 797.0
1877, 1712680440, 716087, 90.0
1878, 1712680441, 716444, 38.0
1879, 1712680442, 716268, 97.0
1880, 1712680443, 716101, 323.0
1881, 1712680444, 715722, 373.0
1882, 1712680445, 716037, 624.0
1883, 1712680446, 716817, 22.0
1884, 1712680447, 715706, 468.0
1885, 1712680448, 716310, 223.0
1886, 1712680449, 716046, 457.0
1887, 1712680450, 716708, 135.0
1888, 1712680451, 715941, 707.0
1889, 1712680452, 716247, 420.0
1890, 1712680453, 716313, 285.0
1891, 1712680454, 715939, 58.0
1892, 1712680455, 716278, 608.0
1893, 1712680456, 715866, 324.0
1894, 1712680457, 716202, 44.0
1895, 1712680458, 716437, 585.0
1896, 1712680459, 716540, 289.0
1897, 1712680460, 716526, 627.0
1898, 1712680461, 715399, 947.0
1899, 1712680462, 716176, 434.0
1900, 1712680463, 716484, 790.0
1901, 1712680464, 716569, 73.0
1902, 1712680465, 716441, 826.0
1903, 1712680466, 715888, 662.0
1904, 1712680467, 716186, 884.0
1905, 1712680468, 716712, 642.0
1906, 1712680469, 716045, 63.0
1907, 1712680470, 716105, 740.0
1908, 1712680471, 715896, 580.0
1909, 1712680472, 716425, 982.0
1910, 1712680473, 716458, 549.0
1911, 1712680474, 716090, 92.0
1912, 1712680475, 715870, 38.0
1913, 1712680476, 716262, 903.0
1914, 1712680477, 716342, 272.0
1915, 1712680478, 715899, 380.0
1916, 1712680479, 716015, 8.0
1917, 1712680480, 716048, 146.0
1918, 1712680481, 716348, 412.0
1919, 1712680482, 716716, 344.0
1920, 1712680483, 715986, 605.0
1921, 1712680484, 716070, 874.0
1922, 1712680485, 716238, 704.0
1923, 1712680486, 715955, 433.0
1924, 1712680487, 716081, 913.0
1925, 1712680488, 716197, 988.0
1926, 1712680489, 716701, 991.0
1927, 1712680490, 716442, 387.0
1928, 1712680491, 716101, 184.0
1929, 1712680492, 716171, 85.0
1930, 1712680493, 716518, 355.0
1931, 1712680494, 716017, 17.0
1932, 1712680495, 716265, 881.0
1933, 1712680496, 715422, 741.0
1934, 1712680497, 715973, 211.0
1935, 1712680498, 715797, 955.0
1936, 1712680499, 716140, 155.0
1937, 1712680500, 716264, 662.0
1938, 1712680501, 716175, 395.0
1939, 1712680502, 716428, 737.0
1940, 1712680503, 716441, 499.0
1941, 1712680504, 715685, 552.0
1942, 1712680505, 716572, 102.0
1943, 1712680506, 716555, 228.0
1944, 1712680507, 716064, 893.0
1945, 1712680508, 715877, 296.0
1946, 1712680509, 715776, 819.0
1947, 1712680510, 715834, 823.0
1948, 1712680511, 716444, 412.0
1949, 1712680512, 716140, 735.0
1950, 1712680513, 715950, 822.0
1951, 1712680514, 716101, 409.0
1952, 1712680515, 716609, 49.0
1953, 1712680516, 716486, 277.0
1954, 1712680517, 715731, 849.0
1955, 1712680518, 716167, 119.0
1956, 1712680519, 716601, 467.0
1957, 1712680520, 716118, 869.0
1958, 1712680521, 716150, 548.0
1959, 1712680522, 716241, 516.0
1960, 1712680523, 723528, 954.0
1961, 1712680525, 716431, 44.0
1962, 1712680526, 715919, 152.0
1963, 1712680527, 716656, 64.0
1964, 1712680528, 715099, 900.0
1965, 1712680529, 716053, 272.0
1966, 1712680530, 716372, 620.0
1967, 1712680531, 716465, 221.0
1968, 1712680532, 716187, 343.0
1969, 1712680533, 716506, 114.0
1970, 1712680534, 716005, 143.0
1971, 1712680535, 716230, 555.0
1972, 1712680536, 716291, 41.0
1973, 1712680537, 716821, 615.0
1974, 1712680538, 716681, 640.0
1975, 1712680539, 716367, 945.0
1976, 1712680540, 716625, 817.0
1977, 1712680541, 716511, 136.0
1978, 1712680542, 716543, 665.0
1979, 1712680543, 716525, 646.0
1980, 1712680544, 716515, 940.0
1981, 1712680545, 716810, 500.0
1982, 1712680546, 716297, 260.0
1983, 1712680547, 716385, 927.0
1984, 1712680548, 716666, 151.0
1985, 1712680549, 715997, 923.0
1986, 1712680550, 716292, 80.0
1987, 1712680551, 716425, 639.0
1988, 1712680552, 716819, 444.0
1989, 1712680553, 716352, 349.0
1990, 1712680554, 716670, 575.0
1991, 1712680555, 716408, 814.0
1992, 1712680556, 716156, 789.0
1993, 1712680557, 716272, 873.0
1994, 1712680558, 716382, 968.0
1995, 1712680559, 716815, 454.0
1996, 1712680560, 716243, 344.0
1997, 1712680561, 716720, 33.0
1998, 1712680562, 716029, 966.0
1999, 1712680563, 716845, 574.0
2000, 1712680564, 716083, 590.0
2001, 1712680565, 716614, 70.0
2002, 1712680566, 716176, 777.0
2003, 1712680567, 716428, 469.0
2004, 1712680568, 716854, 612.0
2005, 1712680569, 716760, 598.0
2006, 1712680570, 716923, 763.0
2007, 1712680571, 716783, 592.0
2008, 1712680572, 715553, 3.0
2009, 1712680573, 716827, 70.0
2010, 1712680574, 716751, 874.0
2011, 1712680575, 716112, 561.0
2012, 1712680576, 716427, 572.0
2013, 1712680577, 716904, 938.0
2014, 1712680578, 716229, 649.0
2015, 1712680579, 716857, 817.0
2016, 1712680580, 716483, 19.0
2017, 1712680581, 716773, 367.0
2018, 1712680582, 716623, 248.0
2019, 1712680583, 716398, 900.0
2020, 1712680584, 716633, 117.0
2021, 1712680585, 716666, 446.0
2022, 1712680586, 716043, 150.0
2023, 1712680587, 716538, 665.0
2024, 1712680588, 716897, 418.0
2025, 1712680589, 716185, 580.0
2026, 1712680590, 716585, 419.0
2027, 1712680591, 716865, 101.0
2028, 1712680592, 716058, 625.0
2029, 1712680593, 716616, 1.0
2030, 1712680594, 716490, 955.0
2031, 1712680595, 716868, 19.0
2032, 1712680596, 716357, 784.0
2033, 1712680597, 716223, 818.0
2034, 1712680598, 716858, 92.0
2035, 1712680599, 716497, 238.0
2036, 1712680600, 716924, 839.0
2037, 1712680601, 716243, 783.0
2038, 1712680602, 716567, 734.0
2039, 1712680603, 716879, 900.0
2040, 1712680604, 716762, 176.0
2041, 1712680605, 716594, 296.0
2042, 1712680606, 717000, 297.0
2043, 1712680607, 716491, 790.0
2044, 1712680608, 716820, 576.0
2045, 1712680609, 716059, 760.0
2046, 1712680610, 716366, 393.0
2047, 1712680611, 716726, 887.0
2048, 1712680612, 716993, 310.0
2049, 1712680613, 716094, 80.0
2050, 1712680614, 716497, 298.0
2051, 1712680615, 716901, 275.0
2052, 1712680616, 716455, 846.0
2053, 1712680617, 716441, 939.0
2054, 1712680618, 715970, 628.0
2055, 1712680619, 716130, 437.0
2056, 1712680620, 716328, 282.0
2057, 1712680621, 716720, 264.0
2058, 1712680622, 716666, 304.0
2059, 1712680623, 716718, 280.0
2060, 1712680624, 716684, 353.0
2061, 1712680625, 716709, 889.0
2062, 1712680626, 716687, 649.0
2063, 1712680627, 716585, 714.0
2064, 1712680628, 716598, 530.0
2065, 1712680629, 715173, 220.0
2066, 1712680630, 715289, 869.0
2067, 1712680631, 716088, 936.0
2068, 1712680632, 716385, 750.0
2069, 1712680633, 716706, 781.0
2070, 1712680634, 716257, 212.0
2071, 1712680635, 715703, 599.0
2072, 1712680636, 716684, 766.0
2073, 1712680637, 716713, 494.0
2074, 1712680638, 716114, 973.0
2075, 1712680639, 716646, 9.0
2076, 1712680640, 716272, 150.0
2077, 1712680641, 716340, 434.0
2078, 1712680642, 717194, 497.0
2079, 1712680643, 716455, 865.0
2080, 1712680644, 716687, 683.0
2081, 1712680645, 716156, 403.0
2082, 1712680646, 716325, 435.0
2083, 1712680647, 717039, 61.0
2084, 1712680648, 716681, 78.0
2085, 1712680649, 716585, 996.0
2086, 1712680650, 716677, 202.0
2087, 1712680651, 716768, 926.0
2088, 1712680652, 716666, 66.0
2089, 1712680653, 716531, 749.0
2090, 1712680654, 716645, 687.0
2091, 1712680655, 716681, 252.0
2092, 1712680656, 716670, 248.0
2093, 1712680657, 716680, 125.0
2094, 1712680658, 716675, 451.0
2095, 1712680659, 716747, 121.0
2096, 1712680660, 716912, 752.0
2097, 1712680661, 716435, 326.0
2098, 1712680662, 716726, 214.0
2099, 1712680663, 716187, 887.0
2100, 1712680664, 715601, 914.0
2101, 1712680665, 716460, 64.0
2102, 1712680666, 716497, 965.0
2103, 1712680667, 716842, 999.0
2104, 1712680668, 717001, 406.0
2105, 1712680669, 715621, 797.0
2106, 1712680670, 716122, 47.0
2107, 1712680671, 716293, 543.0
2108, 1712680672, 716357, 979.0
2109, 1712680673, 715682, 94.0
2110, 1712680674, 717061, 460.0
2111, 1712680675, 716593, 278.0
2112, 1712680676, 716639, 582.0
2113, 1712680677, 716264, 882.0
2114, 1712680678, 716359, 438.0
2115, 1712680679, 716967, 721.0
2116, 1712680680, 716621, 221.0
2117, 1712680681, 716264, 69.0
2118, 1712680682, 716507, 106.0
2119, 1712680683, 716826, 614.0
2120, 1712680684, 716237, 380.0
2121, 1712680685, 716647, 924.0
2122, 1712680686, 716420, 783.0
2123, 1712680687, 716532, 594.0
2124, 1712680688, 716619, 872.0
2125, 1712680689, 715824, 899.0
2126, 1712680690, 717128, 117.0
2127, 1712680691, 715831, 876.0
2128, 1712680692, 716629, 721.0
2129, 1712680693, 715986, 102.0
2130, 1712680694, 715849, 366.0
2131, 1712680695, 715909, 230.0
2132, 1712680696, 717083, 469.0
2133, 1712680697, 715918, 145.0
2134, 1712680698, 716368, 657.0
2135, 1712680699, 715780, 899.0
2136, 1712680700, 715597, 933.0
2137, 1712680701, 722579, 957.0
2138, 1712680703, 715720, 630.0
2139, 1712680704, 715793, 775.0
2140, 1712680705, 716415, 554.0
2141, 1712680706, 715931, 106.0
2142, 1712680707, 716613, 451.0
2143, 1712680708, 716469, 117.0
2144, 1712680709, 716567, 528.0
2145, 1712680710, 716255, 542.0
2146, 1712680711, 716314, 941.0
2147, 1712680712, 715498, 856.0
2148, 1712680713, 716619, 520.0
2149, 1712680714, 715674, 469.0
2150, 1712680715, 716625, 309.0
2151, 1712680716, 715502, 444.0
2152, 1712680717, 716369, 338.0
2153, 1712680718, 715869, 306.0
2154, 1712680719, 716387, 230.0
2155, 1712680720, 716168, 183.0
2156, 1712680721, 715970, 790.0
2157, 1712680722, 716621, 360.0
2158, 1712680723, 716053, 243.0
2159, 1712680724, 716583, 58.0
2160, 1712680725, 715514, 979.0
2161, 1712680726, 716417, 414.0
2162, 1712680727, 715466, 424.0
2163, 1712680728, 716035, 132.0
2164, 1712680729, 716399, 426.0
2165, 1712680730, 715665, 886.0
2166, 1712680731, 716594, 273.0
2167, 1712680732, 716394, 754.0
2168, 1712680733, 715682, 192.0
2169, 1712680734, 717211, 81.0
2170, 1712680735, 716286, 476.0
2171, 1712680736, 716581, 309.0
2172, 1712680737, 716570, 284.0
2173, 1712680738, 715739, 421.0
2174, 1712680739, 716531, 9.0
2175, 1712680740, 716563, 209.0
2176, 1712680741, 715556, 276.0
2177, 1712680742, 715823, 801.0
2178, 1712680743, 715782, 535.0
2179, 1712680744, 716409, 313.0
2180, 1712680745, 717154, 113.0
2181, 1712680746, 716730, 224.0
2182, 1712680747, 716279, 356.0
2183, 1712680748, 716482, 472.0
2184, 1712680749, 716120, 469.0
2185, 1712680750, 717113, 235.0
2186, 1712680751, 716920, 228.0
2187, 1712680752, 717029, 930.0
2188, 1712680753, 717505, 629.0
2189, 1712680754, 718389, 775.0
2190, 1712680755, 718813, 702.0
2191, 1712680756, 717946, 140.0
2192, 1712680757, 719263, 581.0
2193, 1712680758, 719638, 829.0
2194, 1712680759, 719142, 462.0
2195, 1712680760, 719301, 460.0
2196, 1712680761, 719472, 597.0
2197, 1712680762, 719447, 615.0
2198, 1712680763, 720163, 383.0
2199, 1712680764, 719555, 898.0
2200, 1712680765, 719211, 313.0
2201, 1712680766, 719022, 378.0
2202, 1712680767, 719955, 792.0
2203, 1712680768, 719666, 204.0
2204, 1712680769, 721242, 370.0
2205, 1712680770, 720155, 95.0
2206, 1712680771, 720405, 784.0
2207, 1712680772, 721231, 676.0
2208, 1712680773, 721041, 35.0
2209, 1712680774, 720934, 354.0
2210, 1712680775, 721061, 284.0
2211, 1712680776, 720830, 804.0
2212, 1712680777, 721285, 946.0
2213, 1712680778, 720890, 309.0
2214, 1712680779, 720909, 52.0
2215, 1712680780, 721344, 639.0
2216, 1712680781, 720999, 551.0
2217, 1712680782, 720635, 543.0
2218, 1712680783, 721008, 822.0
2219, 1712680784, 720798, 312.0
2220, 1712680785, 721250, 749.0
2221, 1712680786, 721156, 590.0
2222, 1712680787, 721225, 405.0
2223, 1712680788, 721235, 574.0
2224, 1712680789, 721392, 722.0
2225, 1712680790, 721755, 87.0
2226, 1712680791, 721431, 191.0
2227, 1712680792, 721256, 11.0
2228, 1712680793, 720847, 690.0
2229, 1712680794, 720927, 6.0
2230, 1712680795, 721669, 124.0
2231, 1712680796, 721635, 549.0
2232, 1712680797, 721441, 936.0
2233, 1712680798, 720913, 514.0
2234, 1712680799, 721378, 355.0
2235, 1712680800, 721464, 144.0
2236, 1712680801, 721422, 736.0
2237, 1712680802, 721285, 773.0
2238, 1712680803, 721827, 940.0
2239, 1712680804, 721413, 806.0
2240, 1712680805, 721752, 940.0
2241, 1712680806, 721497, 890.0
2242, 1712680807, 721472, 991.0
2243, 1712680808, 721499, 173.0
2244, 1712680809, 721490, 311.0
2245, 1712680810, 721103, 491.0
2246, 1712680811, 721253, 449.0
2247, 1712680812, 721125, 640.0
2248, 1712680813, 721385, 746.0
2249, 1712680814, 721429, 908.0
2250, 1712680815, 721435, 270.0
2251, 1712680816, 721530, 655.0
2252, 1712680817, 721365, 763.0
2253, 1712680818, 721435, 181.0
2254, 1712680819, 721518, 675.0
2255, 1712680820, 721302, 795.0
2256, 1712680821, 721504, 616.0
2257, 1712680822, 721547, 936.0
2258, 1712680823, 721617, 574.0
2259, 1712680824, 722170, 227.0
2260, 1712680825, 722259, 943.0
2261, 1712680826, 721673, 364.0
2262, 1712680827, 722198, 456.0
2263, 1712680828, 721709, 428.0
2264, 1712680829, 721611, 376.0
2265, 1712680830, 721601, 475.0
2266, 1712680831, 721643, 657.0
2267, 1712680832, 721660, 365.0
2268, 1712680833, 721681, 709.0
2269, 1712680834, 721386, 756.0
2270, 1712680835, 721325, 51.0
2271, 1712680836, 722247, 704.0
2272, 1712680837, 722257, 418.0
2273, 1712680838, 721561, 252.0
2274, 1712680839, 721784, 189.0
2275, 1712680840, 721784, 111.0
2276, 1712680841, 721531, 871.0
2277, 1712680842, 721796, 494.0
2278, 1712680843, 721695, 941.0
2279, 1712680844, 721817, 771.0
2280, 1712680845, 722370, 283.0
2281, 1712680846, 721488, 488.0
2282, 1712680847, 721514, 908.0
2283, 1712680848, 721925, 325.0
2284, 1712680849, 722295, 228.0
2285, 1712680850, 722215, 611.0
2286, 1712680851, 721496, 857.0
2287, 1712680852, 721590, 886.0
2288, 1712680853, 721575, 782.0
2289, 1712680854, 721587, 146.0
2290, 1712680855, 721924, 928.0
2291, 1712680856, 721906, 911.0
2292, 1712680857, 722364, 836.0
2293, 1712680858, 721615, 973.0
2294, 1712680859, 721673, 620.0
2295, 1712680860, 721621, 477.0
2296, 1712680861, 722333, 418.0
2297, 1712680862, 721808, 252.0
2298, 1712680863, 722095, 975.0
2299, 1712680864, 721705, 801.0
2300, 1712680865, 721683, 521.0
2301, 1712680866, 721607, 367.0
2302, 1712680867, 721608, 829.0
2303, 1712680868, 721624, 879.0
2304, 1712680869, 722083, 864.0
2305, 1712680870, 721575, 708.0
2306, 1712680871, 721615, 101.0
2307, 1712680872, 721579, 50.0
2308, 1712680873, 721540, 623.0
2309, 1712680874, 721604, 630.0
2310, 1712680875, 722108, 393.0
2311, 1712680876, 729081, 296.0
2312, 1712680877, 729054, 381.0
2313, 1712680879, 722361, 157.0
2314, 1712680880, 722247, 671.0
2315, 1712680881, 722053, 212.0
2316, 1712680882, 722290, 163.0
2317, 1712680883, 722433, 454.0
2318, 1712680884, 722082, 882.0
2319, 1712680885, 722454, 839.0
2320, 1712680886, 721927, 667.0
2321, 1712680887, 722264, 885.0
2322, 1712680888, 722165, 286.0
2323, 1712680889, 722454, 872.0
2324, 1712680890, 721559, 954.0
2325, 1712680891, 722010, 620.0
2326, 1712680892, 721822, 212.0
2327, 1712680893, 722299, 510.0
2328, 1712680894, 722191, 776.0
2329, 1712680895, 721333, 346.0
2330, 1712680896, 722069, 433.0
2331, 1712680897, 721326, 99.0
2332, 1712680898, 721126, 566.0
2333, 1712680899, 721242, 910.0
2334, 1712680900, 721754, 790.0
2335, 1712680901, 721423, 399.0
2336, 1712680902, 721070, 296.0
2337, 1712680903, 721465, 297.0
2338, 1712680904, 722441, 347.0
2339, 1712680905, 721218, 183.0
2340, 1712680906, 721091, 645.0
2341, 1712680907, 721448, 550.0
2342, 1712680908, 721040, 24.0
2343, 1712680909, 721304, 979.0
2344, 1712680910, 721295, 778.0
2345, 1712680911, 722437, 387.0
2346, 1712680912, 721268, 636.0
2347, 1712680913, 721210, 453.0
2348, 1712680914, 721029, 586.0
2349, 1712680915, 722382, 485.0
2350, 1712680916, 721266, 358.0
2351, 1712680917, 721171, 374.0
2352, 1712680918, 721120, 393.0
2353, 1712680919, 722370, 349.0
2354, 1712680920, 721296, 484.0
2355, 1712680921, 721316, 996.0
2356, 1712680922, 721285, 624.0
2357, 1712680923, 721210, 729.0
2358, 1712680924, 721270, 192.0
2359, 1712680925, 721389, 574.0
2360, 1712680926, 721392, 360.0
2361, 1712680927, 721340, 217.0
2362, 1712680928, 721934, 87.0
2363, 1712680929, 721891, 798.0
2364, 1712680930, 721214, 537.0
2365, 1712680931, 722047, 220.0
2366, 1712680932, 722601, 901.0
2367, 1712680933, 721349, 103.0
2368, 1712680934, 721846, 76.0
2369, 1712680935, 721989, 838.0
2370, 1712680936, 722367, 358.0
2371, 1712680937, 722096, 247.0
2372, 1712680938, 722724, 271.0
2373, 1712680939, 722423, 680.0
2374, 1712680940, 721322, 316.0
2375, 1712680941, 721338, 404.0
2376, 1712680942, 721232, 40.0
2377, 1712680943, 721413, 406.0
2378, 1712680944, 721873, 58.0
2379, 1712680945, 721773, 535.0
2380, 1712680946, 722451, 527.0
2381, 1712680947, 722181, 355.0
2382, 1712680948, 722606, 253.0
2383, 1712680949, 721226, 214.0
2384, 1712680950, 722271, 879.0
2385, 1712680951, 721256, 835.0
2386, 1712680952, 721360, 874.0
2387, 1712680953, 721457, 520.0
2388, 1712680954, 722202, 479.0
2389, 1712680955, 722481, 175.0
2390, 1712680956, 722572, 857.0
2391, 1712680957, 721231, 764.0
2392, 1712680958, 721434, 242.0
2393, 1712680959, 721299, 214.0
2394, 1712680960, 721446, 847.0
2395, 1712680961, 721431, 710.0
2396, 1712680962, 722540, 115.0
2397, 1712680963, 722556, 204.0
2398, 1712680964, 721377, 760.0
2399, 1712680965, 721423, 997.0
2400, 1712680966, 721468, 591.0
2401, 1712680967, 722512, 903.0
2402, 1712680968, 721284, 868.0
2403, 1712680969, 722653, 940.0
2404, 1712680970, 722398, 166.0
2405, 1712680971, 721343, 325.0
2406, 1712680972, 721369, 1.0
2407, 1712680973, 722516, 786.0
2408, 1712680974, 722496, 725.0
2409, 1712680975, 721239, 588.0
2410, 1712680976, 721379, 13.0
2411, 1712680977, 722198, 629.0
2412, 1712680978, 721415, 814.0
2413, 1712680979, 721209, 825.0
2414, 1712680980, 721157, 201.0
2415, 1712680981, 721244, 502.0
2416, 1712680982, 722661, 715.0
2417, 1712680983, 721319, 893.0
2418, 1712680984, 722441, 874.0
2419, 1712680985, 721370, 596.0
2420, 1712680986, 721360, 143.0
2421, 1712680987, 721280, 833.0
2422, 1712680988, 721301, 857.0
2423, 1712680989, 721322, 757.0
2424, 1712680990, 722162, 269.0
2425, 1712680991, 722424, 980.0
2426, 1712680992, 722396, 410.0
2427, 1712680993, 721065, 941.0
2428, 1712680994, 722764, 609.0
2429, 1712680995, 721343, 983.0
2430, 1712680996, 722570, 430.0
2431, 1712680997, 722562, 406.0
2432, 1712680998, 722488, 132.0
2433, 1712680999, 722339, 1.0
2434, 1712681000, 722202, 526.0
2435, 1712681001, 721282, 952.0
2436, 1712681002, 721322, 572.0
2437, 1712681003, 721298, 595.0
2438, 1712681004, 722462, 167.0
2439, 1712681005, 721284, 772.0
2440, 1712681006, 721398, 247.0
2441, 1712681007, 721369, 23.0
2442, 1712681008, 722743, 469.0
2443, 1712681009, 721413, 417.0
2444, 1712681010, 722639, 909.0
2445, 1712681011, 722746, 880.0
2446, 1712681012, 722648, 127.0
2447, 1712681013, 722511, 804.0
2448, 1712681014, 721416, 206.0
2449, 1712681015, 722649, 217.0
2450, 1712681016, 722860, 981.0
2451, 1712681017, 721399, 869.0
2452, 1712681018, 722476, 178.0
2453, 1712681019, 722747, 266.0
2454, 1712681020, 722523, 99.0
2455, 1712681021, 722781, 120.0
2456, 1712681022, 721406, 562.0
2457, 1712681023, 721403, 146.0
2458, 1712681024, 721405, 663.0
2459, 1712681025, 722656, 4.0
2460, 1712681026, 722504, 365.0
2461, 1712681027, 721344, 140.0
2462, 1712681028, 722597, 87.0
2463, 1712681029, 722839, 871.0
2464, 1712681030, 721354, 706.0
2465, 1712681031, 722341, 764.0
2466, 1712681032, 722761, 984.0
2467, 1712681033, 721378, 563.0
2468, 1712681034, 721159, 568.0
2469, 1712681035, 722476, 614.0
2470, 1712681036, 722791, 604.0
2471, 1712681037, 721379, 366.0
2472, 1712681038, 722847, 633.0
2473, 1712681039, 722375, 941.0
2474, 1712681040, 722401, 189.0
2475, 1712681041, 722551, 352.0
2476, 1712681042, 722617, 615.0
2477, 1712681043, 721149, 280.0
2478, 1712681044, 721327, 634.0
2479, 1712681045, 721285, 110.0
2480, 1712681046, 722507, 551.0
2481, 1712681047, 721148, 167.0
2482, 1712681048, 722856, 201.0
2483, 1712681049, 721264, 456.0
2484, 1712681050, 721297, 355.0
2485, 1712681051, 722798, 604.0
2486, 1712681052, 722379, 137.0
2487, 1712681053, 721586, 932.0
2488, 1712681054, 731420, 147.0
2489, 1712681056, 722831, 432.0
2490, 1712681057, 721231, 947.0
2491, 1712681058, 722095, 195.0
2492, 1712681059, 722211, 860.0
2493, 1712681060, 722459, 211.0
2494, 1712681061, 722551, 508.0
2495, 1712681062, 721616, 499.0
2496, 1712681063, 722723, 249.0
2497, 1712681064, 722597, 133.0
2498, 1712681065, 721691, 542.0
2499, 1712681066, 722398, 337.0
2500, 1712681067, 721268, 484.0
2501, 1712681068, 722416, 392.0
2502, 1712681069, 722887, 478.0
2503, 1712681070, 722490, 233.0
2504, 1712681071, 722587, 675.0
2505, 1712681072, 722700, 26.0
2506, 1712681073, 721364, 558.0
2507, 1712681074, 722493, 364.0
2508, 1712681075, 721372, 770.0
2509, 1712681076, 722749, 728.0
2510, 1712681077, 722946, 724.0
2511, 1712681078, 721235, 180.0
2512, 1712681079, 721338, 631.0
2513, 1712681080, 722333, 855.0
2514, 1712681081, 721799, 423.0
2515, 1712681082, 721256, 307.0
2516, 1712681083, 722321, 12.0
2517, 1712681084, 721341, 520.0
2518, 1712681085, 721302, 787.0
2519, 1712681086, 722457, 780.0
2520, 1712681087, 722356, 976.0
2521, 1712681088, 723047, 775.0
2522, 1712681089, 722617, 332.0
2523, 1712681090, 722710, 741.0
2524, 1712681091, 721332, 873.0
2525, 1712681092, 722962, 54.0
2526, 1712681093, 721061, 742.0
2527, 1712681094, 722917, 488.0
2528, 1712681095, 722767, 5.0
2529, 1712681096, 722149, 129.0
2530, 1712681097, 722407, 34.0
2531, 1712681098, 722444, 17.0
2532, 1712681099, 722773, 37.0
2533, 1712681100, 721337, 907.0
2534, 1712681101, 721103, 654.0
2535, 1712681102, 722414, 873.0
2536, 1712681103, 721995, 853.0
2537, 1712681104, 722691, 90.0
2538, 1712681105, 722778, 120.0
2539, 1712681106, 722754, 561.0
2540, 1712681107, 722756, 883.0
2541, 1712681108, 722934, 400.0
2542, 1712681109, 722440, 690.0
2543, 1712681110, 722257, 661.0
2544, 1712681111, 722337, 372.0
2545, 1712681112, 722027, 842.0
2546, 1712681113, 722743, 786.0
2547, 1712681114, 723019, 366.0
2548, 1712681115, 722280, 66.0
2549, 1712681116, 722352, 178.0
2550, 1712681117, 722325, 316.0
2551, 1712681118, 722661, 594.0
2552, 1712681119, 722663, 901.0
2553, 1712681120, 722382, 75.0
2554, 1712681121, 722791, 268.0
2555, 1712681122, 721268, 675.0
2556, 1712681123, 722871, 819.0
2557, 1712681124, 722981, 396.0
2558, 1712681125, 723038, 685.0
2559, 1712681126, 722373, 237.0
2560, 1712681127, 722759, 975.0
2561, 1712681128, 721121, 502.0
2562, 1712681129, 722742, 723.0
2563, 1712681130, 722600, 290.0
2564, 1712681131, 723034, 253.0
2565, 1712681132, 722615, 241.0
2566, 1712681133, 722905, 863.0
2567, 1712681134, 723125, 592.0
2568, 1712681135, 722618, 79.0
2569, 1712681136, 722864, 680.0
2570, 1712681137, 722661, 287.0
2571, 1712681138, 722856, 206.0
2572, 1712681139, 721357, 346.0
2573, 1712681140, 722617, 997.0
2574, 1712681141, 722902, 331.0
2575, 1712681142, 723109, 762.0
2576, 1712681143, 722479, 933.0
2577, 1712681144, 722597, 717.0
2578, 1712681145, 722288, 414.0
2579, 1712681146, 721146, 80.0
2580, 1712681147, 722187, 112.0
2581, 1712681148, 722899, 743.0
2582, 1712681149, 722419, 759.0
2583, 1712681150, 722759, 680.0
2584, 1712681151, 721253, 185.0
2585, 1712681152, 722834, 57.0
2586, 1712681153, 722707, 231.0
2587, 1712681154, 722333, 235.0
2588, 1712681155, 722038, 385.0
2589, 1712681156, 722167, 554.0
2590, 1712681157, 722430, 15.0
2591, 1712681158, 722563, 106.0
2592, 1712681159, 722575, 769.0
2593, 1712681160, 722975, 725.0
2594, 1712681161, 722302, 690.0
2595, 1712681162, 722717, 657.0
2596, 1712681163, 721305, 896.0
2597, 1712681164, 722784, 734.0
2598, 1712681165, 722787, 190.0
2599, 1712681166, 722527, 975.0
2600, 1712681167, 723026, 415.0
2601, 1712681168, 723179, 814.0
2602, 1712681169, 723000, 185.0
2603, 1712681170, 722728, 906.0
2604, 1712681171, 723067, 729.0
2605, 1712681172, 722309, 514.0
2606, 1712681173, 722617, 797.0
2607, 1712681174, 723250, 151.0
2608, 1712681175, 722990, 42.0
2609, 1712681176, 722414, 758.0
2610, 1712681177, 722149, 824.0
2611, 1712681178, 723315, 974.0
2612, 1712681179, 722759, 271.0
2613, 1712681180, 723237, 957.0
2614, 1712681181, 722801, 305.0
2615, 1712681182, 723075, 816.0
2616, 1712681183, 722777, 44.0
2617, 1712681184, 723224, 986.0
2618, 1712681185, 721548, 819.0
2619, 1712681186, 723260, 86.0
2620, 1712681187, 722409, 320.0
2621, 1712681188, 721312, 814.0
2622, 1712681189, 722191, 945.0
2623, 1712681190, 722831, 393.0
2624, 1712681191, 722839, 991.0
2625, 1712681192, 722631, 403.0
2626, 1712681193, 722611, 938.0
2627, 1712681194, 722416, 495.0
2628, 1712681195, 722831, 947.0
2629, 1712681196, 723181, 579.0
2630, 1712681197, 722448, 268.0
2631, 1712681198, 722677, 327.0
2632, 1712681199, 722344, 92.0
2633, 1712681200, 722659, 115.0
2634, 1712681201, 722371, 761.0
2635, 1712681202, 723104, 504.0
2636, 1712681203, 722714, 680.0
2637, 1712681204, 723026, 71.0
2638, 1712681205, 722388, 852.0
2639, 1712681206, 722738, 140.0
2640, 1712681207, 722438, 269.0
2641, 1712681208, 722615, 152.0
2642, 1712681209, 723233, 605.0
2643, 1712681210, 723188, 350.0
2644, 1712681211, 723139, 776.0
2645, 1712681212, 722253, 721.0
2646, 1712681213, 722604, 135.0
2647, 1712681214, 721733, 699.0
2648, 1712681215, 722954, 843.0
2649, 1712681216, 722757, 579.0
2650, 1712681217, 723134, 84.0
2651, 1712681218, 722542, 412.0
2652, 1712681219, 723037, 411.0
2653, 1712681220, 723280, 625.0
2654, 1712681221, 722896, 982.0
2655, 1712681222, 722315, 308.0
2656, 1712681223, 722058, 442.0
2657, 1712681224, 722864, 57.0
2658, 1712681225, 723080, 729.0
2659, 1712681226, 723290, 287.0
2660, 1712681227, 723183, 493.0
2661, 1712681228, 722871, 650.0
2662, 1712681229, 722970, 830.0
2663, 1712681230, 723252, 981.0
2664, 1712681231, 722620, 147.0
2665, 1712681232, 729727, 56.0
2666, 1712681234, 722476, 733.0
2667, 1712681235, 722761, 329.0
2668, 1712681236, 722611, 277.0
2669, 1712681237, 722213, 55.0
2670, 1712681238, 722828, 551.0
2671, 1712681239, 722566, 810.0
2672, 1712681240, 722692, 203.0
2673, 1712681241, 722682, 722.0
2674, 1712681242, 723382, 744.0
2675, 1712681243, 722490, 682.0
2676, 1712681244, 723271, 128.0
2677, 1712681245, 722357, 806.0
2678, 1712681246, 722577, 262.0
2679, 1712681247, 722884, 557.0
2680, 1712681248, 723316, 353.0
2681, 1712681249, 722622, 772.0
2682, 1712681250, 722990, 245.0
2683, 1712681251, 722871, 606.0
2684, 1712681252, 723193, 361.0
2685, 1712681253, 723284, 919.0
2686, 1712681254, 723232, 98.0
2687, 1712681255, 722663, 715.0
2688, 1712681256, 722865, 773.0
2689, 1712681257, 723433, 275.0
2690, 1712681258, 722507, 61.0
2691, 1712681259, 723085, 765.0
2692, 1712681260, 723128, 260.0
2693, 1712681261, 723228, 896.0
2694, 1712681262, 722483, 510.0
2695, 1712681263, 722672, 170.0
2696, 1712681264, 722481, 228.0
2697, 1712681265, 723193, 168.0
2698, 1712681266, 723280, 970.0
2699, 1712681267, 722424, 765.0
2700, 1712681268, 723476, 41.0
2701, 1712681269, 722712, 585.0
2702, 1712681270, 723101, 240.0
2703, 1712681271, 722375, 66.0
2704, 1712681272, 722497, 610.0
2705, 1712681273, 723482, 566.0
2706, 1712681274, 722774, 870.0
2707, 1712681275, 723134, 537.0
2708, 1712681276, 722766, 103.0
2709, 1712681277, 723283, 225.0
2710, 1712681278, 722687, 219.0
2711, 1712681279, 723062, 331.0
2712, 1712681280, 723506, 571.0
2713, 1712681281, 723336, 795.0
2714, 1712681282, 723165, 896.0
2715, 1712681283, 722735, 672.0
2716, 1712681284, 722768, 70.0
2717, 1712681285, 723460, 916.0
2718, 1712681286, 723205, 474.0
2719, 1712681287, 722630, 774.0
2720, 1712681288, 723179, 895.0
2721, 1712681289, 722562, 510.0
2722, 1712681290, 723440, 851.0
2723, 1712681291, 723224, 50.0
2724, 1712681292, 722105, 158.0
2725, 1712681293, 723464, 252.0
2726, 1712681294, 722822, 610.0
2727, 1712681295, 722865, 767.0
2728, 1712681296, 723014, 480.0
2729, 1712681297, 722743, 332.0
2730, 1712681298, 723194, 610.0
2731, 1712681299, 723110, 935.0
2732, 1712681300, 722736, 96.0
2733, 1712681301, 722522, 921.0
2734, 1712681302, 722941, 560.0
2735, 1712681303, 722703, 591.0
2736, 1712681304, 722776, 516.0
2737, 1712681305, 723229, 520.0
2738, 1712681306, 722690, 894.0
2739, 1712681307, 723409, 521.0
2740, 1712681308, 723580, 862.0
2741, 1712681309, 722733, 232.0
2742, 1712681310, 723544, 255.0
2743, 1712681311, 723474, 437.0
2744, 1712681312, 723069, 175.0
2745, 1712681313, 723489, 325.0
2746, 1712681314, 723152, 732.0
2747, 1712681315, 722954, 713.0
2748, 1712681316, 723322, 523.0
2749, 1712681317, 722447, 333.0
2750, 1712681318, 722785, 363.0
2751, 1712681319, 723120, 956.0
2752, 1712681320, 723408, 816.0
2753, 1712681321, 723013, 471.0
2754, 1712681322, 722781, 108.0
2755, 1712681323, 723222, 771.0
2756, 1712681324, 722856, 923.0
2757, 1712681325, 722656, 878.0
2758, 1712681326, 723525, 922.0
2759, 1712681327, 723040, 84.0
2760, 1712681328, 723476, 616.0
2761, 1712681329, 722684, 281.0
2762, 1712681330, 723155, 174.0
2763, 1712681331, 722648, 868.0
2764, 1712681332, 723680, 257.0
2765, 1712681333, 723542, 170.0
2766, 1712681334, 722878, 245.0
2767, 1712681335, 722725, 83.0
2768, 1712681336, 723549, 634.0
2769, 1712681337, 722608, 302.0
2770, 1712681338, 723121, 456.0
2771, 1712681339, 723069, 512.0
2772, 1712681340, 723280, 853.0
2773, 1712681341, 723100, 376.0
2774, 1712681342, 723450, 812.0
2775, 1712681343, 722718, 948.0
2776, 1712681344, 722918, 47.0
2777, 1712681345, 722882, 876.0
2778, 1712681346, 723152, 356.0
2779, 1712681347, 723465, 17.0
2780, 1712681348, 723614, 336.0
2781, 1712681349, 723379, 23.0
2782, 1712681350, 723667, 60.0
2783, 1712681351, 723606, 470.0
2784, 1712681352, 723336, 76.0
2785, 1712681353, 723049, 607.0
2786, 1712681354, 723027, 691.0
2787, 1712681355, 723540, 66.0
2788, 1712681356, 723573, 46.0
2789, 1712681357, 723426, 162.0
2790, 1712681358, 722645, 318.0
2791, 1712681359, 723398, 383.0
2792, 1712681360, 723549, 322.0
2793, 1712681361, 722788, 874.0
2794, 1712681362, 723644, 628.0
2795, 1712681363, 723140, 335.0
2796, 1712681364, 723266, 172.0
2797, 1712681365, 722885, 227.0
2798, 1712681366, 722947, 272.0
2799, 1712681367, 722974, 872.0
2800, 1712681368, 723153, 647.0
2801, 1712681369, 723238, 831.0
2802, 1712681370, 722959, 374.0
2803, 1712681371, 722360, 234.0
2804, 1712681372, 722795, 647.0
2805, 1712681373, 722802, 134.0
2806, 1712681374, 722821, 798.0
2807, 1712681375, 723448, 516.0
2808, 1712681376, 722743, 525.0
2809, 1712681377, 723493, 57.0
2810, 1712681378, 724698, 113.0
2811, 1712681379, 723696, 783.0
2812, 1712681380, 723608, 554.0
2813, 1712681381, 723598, 334.0
2814, 1712681382, 723330, 448.0
2815, 1712681383, 723469, 711.0
2816, 1712681384, 722853, 708.0
2817, 1712681385, 723499, 134.0
2818, 1712681386, 723514, 547.0
2819, 1712681387, 723526, 198.0
2820, 1712681388, 723204, 919.0
2821, 1712681389, 723066, 609.0
2822, 1712681390, 722881, 76.0
2823, 1712681391, 722947, 463.0
2824, 1712681392, 723464, 929.0
2825, 1712681393, 722690, 670.0
2826, 1712681394, 723486, 502.0
2827, 1712681395, 723093, 884.0
2828, 1712681396, 723690, 227.0
2829, 1712681397, 723536, 506.0
2830, 1712681398, 723093, 198.0
2831, 1712681399, 723448, 52.0
2832, 1712681400, 722836, 341.0
2833, 1712681401, 722990, 770.0
2834, 1712681402, 723051, 152.0
2835, 1712681403, 723299, 980.0
2836, 1712681404, 723271, 284.0
2837, 1712681405, 723210, 348.0
2838, 1712681406, 722894, 89.0
2839, 1712681407, 723440, 83.0
2840, 1712681408, 729820, 163.0
2841, 1712681410, 722986, 630.0
2842, 1712681411, 723632, 383.0
2843, 1712681412, 722926, 949.0
2844, 1712681413, 723290, 369.0
2845, 1712681414, 723011, 892.0
2846, 1712681415, 723417, 956.0
2847, 1712681416, 722853, 568.0
2848, 1712681417, 723614, 762.0
2849, 1712681418, 723315, 95.0
2850, 1712681419, 723302, 777.0
2851, 1712681420, 722697, 821.0
2852, 1712681421, 723401, 175.0
2853, 1712681422, 722587, 368.0
2854, 1712681423, 723546, 465.0
2855, 1712681424, 723485, 405.0
2856, 1712681425, 723866, 511.0
2857, 1712681426, 722933, 135.0
2858, 1712681427, 723166, 610.0
2859, 1712681428, 723395, 464.0
2860, 1712681429, 723707, 610.0
2861, 1712681430, 723186, 319.0
2862, 1712681431, 722909, 458.0
2863, 1712681432, 723760, 774.0
2864, 1712681433, 723033, 443.0
2865, 1712681434, 723567, 421.0
2866, 1712681435, 723115, 806.0
2867, 1712681436, 723222, 648.0
2868, 1712681437, 723788, 852.0
2869, 1712681438, 723783, 132.0
2870, 1712681439, 723781, 968.0
2871, 1712681440, 723740, 613.0
2872, 1712681441, 723294, 565.0
2873, 1712681442, 723600, 932.0
2874, 1712681443, 723113, 915.0
2875, 1712681444, 723066, 538.0
2876, 1712681445, 723402, 938.0
2877, 1712681446, 723923, 451.0
2878, 1712681447, 723705, 497.0
2879, 1712681448, 722558, 890.0
2880, 1712681449, 723598, 601.0
2881, 1712681450, 723526, 452.0
2882, 1712681451, 723738, 56.0
2883, 1712681452, 722823, 562.0
2884, 1712681453, 722768, 249.0
2885, 1712681454, 723222, 337.0
2886, 1712681455, 723401, 662.0
2887, 1712681456, 723243, 130.0
2888, 1712681457, 724218, 432.0
2889, 1712681458, 723504, 881.0
2890, 1712681459, 723557, 851.0
2891, 1712681460, 723117, 523.0
2892, 1712681461, 723320, 425.0
2893, 1712681462, 723294, 895.0
2894, 1712681463, 723630, 884.0
2895, 1712681464, 723589, 48.0
2896, 1712681465, 723502, 617.0
2897, 1712681466, 723306, 952.0
2898, 1712681467, 723183, 40.0
2899, 1712681468, 723098, 603.0
2900, 1712681469, 723479, 237.0
2901, 1712681470, 723853, 656.0
2902, 1712681471, 723255, 581.0
2903, 1712681472, 723646, 607.0
2904, 1712681473, 723108, 916.0
2905, 1712681474, 723503, 39.0
2906, 1712681475, 723072, 543.0
2907, 1712681476, 723451, 140.0
2908, 1712681477, 723824, 108.0
2909, 1712681478, 723437, 367.0
2910, 1712681479, 723944, 583.0
2911, 1712681480, 722913, 416.0
2912, 1712681481, 722886, 481.0
2913, 1712681482, 723258, 284.0
2914, 1712681483, 723566, 907.0
2915, 1712681484, 723096, 346.0
2916, 1712681485, 723577, 107.0
2917, 1712681486, 723834, 870.0
2918, 1712681487, 723490, 802.0
2919, 1712681488, 723927, 498.0
2920, 1712681489, 723843, 714.0
2921, 1712681490, 722939, 661.0
2922, 1712681491, 723813, 467.0
2923, 1712681492, 723270, 282.0
2924, 1712681493, 723218, 355.0
2925, 1712681494, 725000, 515.0
2926, 1712681495, 723541, 81.0
2927, 1712681496, 723770, 463.0
2928, 1712681497, 723128, 262.0
2929, 1712681498, 723113, 339.0
2930, 1712681499, 723589, 828.0
2931, 1712681500, 723973, 98.0
2932, 1712681501, 723056, 594.0
2933, 1712681502, 724109, 886.0
2934, 1712681503, 723026, 940.0
2935, 1712681504, 723351, 184.0
2936, 1712681505, 723953, 112.0
2937, 1712681506, 723885, 419.0
2938, 1712681507, 723889, 339.0
2939, 1712681508, 722959, 129.0
2940, 1712681509, 723440, 200.0
2941, 1712681510, 722971, 906.0
2942, 1712681511, 723258, 958.0
2943, 1712681512, 723294, 341.0
2944, 1712681513, 722218, 792.0
2945, 1712681514, 723444, 224.0
2946, 1712681515, 723232, 90.0
2947, 1712681516, 723016, 209.0
2948, 1712681517, 723325, 336.0
2949, 1712681518, 724027, 804.0
2950, 1712681519, 723471, 231.0
2951, 1712681520, 723561, 621.0
2952, 1712681521, 723454, 804.0
2953, 1712681522, 723373, 251.0
2954, 1712681523, 723527, 145.0
2955, 1712681524, 723528, 149.0
2956, 1712681525, 723433, 728.0
2957, 1712681526, 722511, 259.0
2958, 1712681527, 723537, 967.0
2959, 1712681528, 723994, 745.0
2960, 1712681529, 723881, 327.0
2961, 1712681530, 723376, 811.0
2962, 1712681531, 723547, 930.0
2963, 1712681532, 723417, 267.0
2964, 1712681533, 724145, 473.0
2965, 1712681534, 723829, 562.0
2966, 1712681535, 722672, 689.0
2967, 1712681536, 723924, 323.0
2968, 1712681537, 723130, 855.0
2969, 1712681538, 724000, 815.0
2970, 1712681539, 723256, 412.0
2971, 1712681540, 723983, 482.0
2972, 1712681541, 723226, 842.0
2973, 1712681542, 723424, 469.0
2974, 1712681543, 723586, 650.0
2975, 1712681544, 722995, 223.0
2976, 1712681545, 724212, 348.0
2977, 1712681546, 723785, 342.0
2978, 1712681547, 723384, 893.0
2979, 1712681548, 723794, 362.0
2980, 1712681549, 724153, 900.0
2981, 1712681550, 723988, 650.0
2982, 1712681551, 724940, 557.0
2983, 1712681552, 723290, 468.0
2984, 1712681553, 723603, 481.0
2985, 1712681554, 724208, 476.0
2986, 1712681555, 724035, 451.0
2987, 1712681556, 723854, 130.0
2988, 1712681557, 724269, 502.0
2989, 1712681558, 723329, 570.0
2990, 1712681559, 723316, 756.0
2991, 1712681560, 723875, 906.0
2992, 1712681561, 723319, 151.0
2993, 1712681562, 724062, 341.0
2994, 1712681563, 723631, 956.0
2995, 1712681564, 723429, 615.0
2996, 1712681565, 723610, 929.0
2997, 1712681566, 724013, 875.0
2998, 1712681567, 724278, 754.0
2999, 1712681568, 723429, 464.0
3000, 1712681569, 723920, 773.0
3001, 1712681570, 723284, 533.0
3002, 1712681571, 723781, 62.0
3003, 1712681572, 724041, 972.0
3004, 1712681573, 723266, 118.0
3005, 1712681574, 723096, 663.0
3006, 1712681575, 723438, 178.0
3007, 1712681576, 723092, 446.0
3008, 1712681577, 724135, 514.0
3009, 1712681578, 724047, 888.0
3010, 1712681579, 723047, 87.0
3011, 1712681580, 723277, 845.0
3012, 1712681581, 722490, 333.0
3013, 1712681582, 724278, 529.0
3014, 1712681583, 731106, 387.0
3015, 1712681585, 724100, 486.0
3016, 1712681586, 724050, 64.0
3017, 1712681587, 723905, 322.0
3018, 1712681588, 723870, 314.0
3019, 1712681589, 723828, 133.0
3020, 1712681590, 723374, 536.0
3021, 1712681591, 723011, 703.0
3022, 1712681592, 723994, 442.0
3023, 1712681593, 723415, 409.0
3024, 1712681594, 723834, 61.0
3025, 1712681595, 723430, 4.0
3026, 1712681596, 723318, 883.0
3027, 1712681597, 724227, 54.0
3028, 1712681598, 723996, 120.0
3029, 1712681599, 723365, 422.0
3030, 1712681600, 723365, 847.0
3031, 1712681601, 724012, 110.0
3032, 1712681602, 723630, 800.0
3033, 1712681603, 724207, 125.0
3034, 1712681604, 723592, 289.0
3035, 1712681605, 724167, 292.0
3036, 1712681606, 723409, 966.0
3037, 1712681607, 724078, 531.0
3038, 1712681608, 724094, 548.0
3039, 1712681609, 724132, 351.0
3040, 1712681610, 724090, 81.0
3041, 1712681611, 723965, 943.0
3042, 1712681612, 723222, 601.0
3043, 1712681613, 723437, 922.0
3044, 1712681614, 723882, 939.0
3045, 1712681615, 723528, 982.0
3046, 1712681616, 724270, 85.0
3047, 1712681617, 723582, 815.0
3048, 1712681618, 723712, 152.0
3049, 1712681619, 723947, 166.0
3050, 1712681620, 723585, 100.0
3051, 1712681621, 724111, 253.0
3052, 1712681622, 723592, 751.0
3053, 1712681623, 723721, 628.0
3054, 1712681624, 724201, 657.0
3055, 1712681625, 723684, 666.0
3056, 1712681626, 724034, 878.0
3057, 1712681627, 724257, 959.0
3058, 1712681628, 724005, 734.0
3059, 1712681629, 723527, 132.0
3060, 1712681630, 724017, 567.0
3061, 1712681631, 723513, 520.0
3062, 1712681632, 723785, 45.0
3063, 1712681633, 724112, 249.0
3064, 1712681634, 723541, 605.0
3065, 1712681635, 723882, 343.0
3066, 1712681636, 723695, 408.0
3067, 1712681637, 723759, 726.0
3068, 1712681638, 723889, 89.0
3069, 1712681639, 724040, 466.0
3070, 1712681640, 723896, 295.0
3071, 1712681641, 723587, 712.0
3072, 1712681642, 723461, 608.0
3073, 1712681643, 724059, 181.0
3074, 1712681644, 723610, 790.0
3075, 1712681645, 723824, 468.0
3076, 1712681646, 725804, 557.0
3077, 1712681647, 724305, 393.0
3078, 1712681648, 723896, 879.0
3079, 1712681649, 724357, 984.0
3080, 1712681650, 724395, 66.0
3081, 1712681651, 723933, 494.0
3082, 1712681652, 724061, 833.0
3083, 1712681653, 724107, 237.0
3084, 1712681654, 723917, 485.0
3085, 1712681655, 722825, 556.0
3086, 1712681656, 724080, 873.0
3087, 1712681657, 723365, 743.0
3088, 1712681658, 723623, 353.0
3089, 1712681659, 724462, 615.0
3090, 1712681660, 724092, 750.0
3091, 1712681661, 723685, 250.0
3092, 1712681662, 724151, 875.0
3093, 1712681663, 723728, 445.0
3094, 1712681664, 724160, 913.0
3095, 1712681665, 723706, 30.0
3096, 1712681666, 723521, 74.0
3097, 1712681667, 724510, 340.0
3098, 1712681668, 724064, 588.0
3099, 1712681669, 724509, 115.0
3100, 1712681670, 723712, 639.0
3101, 1712681671, 724239, 569.0
3102, 1712681672, 723716, 493.0
3103, 1712681673, 724415, 831.0
